BEAM
EXPERT
110000000000 2.49999997754198 2.49999997754198 0.075 0.00011 1 0 2 0
bb_ho1b1_0 1 0.000158407651450406 1.570394261176 4.19510893772533e-05 -1.73502000245416e-05
0.000100564051169257 -1.11089997046771e-07 0.00111660305740804 0.000100564036158517 -4.45143648051816e-07
0.00111660507132357 -1.09706117742566e-09 -4.62737475076109e-09 -4.63101683321009e-09 1.22067269544218e-08 0.0909090909090909
bb_ho.l1b1_1 1 0.000158407651450406 1.570394261176 4.08524322423187e-05 -0.00274988196622611
0.000100649032270995 -9.74179136559878e-06 0.00111660305740804 0.000100654779835552 -1.00758623866252e-05
0.00111660507132357 -1.01629948398007e-09 -4.73265777072557e-09 -4.73629985317457e-09 1.22067269544218e-08 0.0909090909090909
bb_ho.r1b1_1 1 0.000158407651450406 1.570394261176 4.30497463847506e-05 0.00271518124922103
0.00010064519964705 9.51961025440622e-06 0.00111660305740804 0.000100639422361317 9.18557397342054e-06
0.00111660507132357 -1.17600672972532e-09 -4.52209174300876e-09 -4.52573382545776e-09 1.22067269544218e-08 0.0909090909090909
bb_ho.l1b1_2 1 0.000158407651450406 1.570394261176 3.96869003248508e-05 -0.00564874175399133
0.000100920791852527 -1.99587093427607e-05 0.00111660305740804 0.000100932653085379 -2.02927987911142e-05
0.00111660507132357 -9.28636544007639e-10 -4.84434932237906e-09 -4.84799140482807e-09 1.22067269544218e-08 0.0909090909090909
bb_ho.r1b1_2 1 0.000158407651450406 1.570394261176 4.42152783022184e-05 0.00561404103698625
0.000100912893314246 1.97365282315682e-05 0.00111660305740804 0.00010090100333318 1.94025103779095e-05
0.00111660507132357 -1.2577723559942e-09 -4.41040019135526e-09 -4.41404227380427e-09 1.22067269544218e-08 0.0909090909090909
bb_ho.l1b1_3 1 0.000158407651450406 1.570394261176 3.83637349927353e-05 -0.00893966044643498
0.000101455915683399 -3.15574236000399e-05 0.00111660305740804 0.000101474717841841 -3.18915339679409e-05
0.00111660507132357 -8.26640246971871e-10 -4.97114669860121e-09 -4.97478878105021e-09 1.22067269544218e-08 0.0909090909090909
bb_ho.r1b1_3 1 0.000158407651450406 1.570394261176 4.5538443634334e-05 0.0089049597294299
0.000101443401332534 3.13352424888474e-05 0.00111660305740804 0.00010142457234786 3.10012455547362e-05
0.00111660507132357 -1.34811914434348e-09 -4.28360281513312e-09 -4.28724489758212e-09 1.22067269544218e-08 0.0909090909090909
bb_ho.l1b1_4 1 0.000158407651450406 1.570394261176 3.66727583585395e-05 -0.0131453832528685
0.000102490539351756 -4.63803291884251e-05 0.00111660305740804 0.000102518212495371 -4.67144662910546e-05
0.00111660507132357 -6.92456815380855e-10 -5.1331909989353e-09 -5.1368330813843e-09 1.22067269544218e-08 0.0909090909090909
bb_ho.r1b1_4 1 0.000158407651450406 1.570394261176 4.72294202685298e-05 0.0131106825358634
0.000102472126092388 4.61581480772326e-05 0.00111660305740804 0.000102444429844017 4.582417787785e-05
0.00111660507132357 -1.45974600965258e-09 -4.12155851479903e-09 -4.12520059724803e-09 1.22067269544218e-08 0.0909090909090909
bb_ho.l1b1_5 1 0.000158407651450406 1.570394261176 3.33529031023016e-05 -0.0214023814176346
0.000105666570999327 -7.54817963732272e-05 0.00111660305740804 0.000105711662407377 -7.581598596353e-05
0.00111660507132357 -4.16502845810415e-10 -5.451328820197e-09 -5.454970902646e-09 1.22067269544218e-08 0.0909090909090909
bb_ho.r1b1_5 1 0.000158407651450406 1.570394261176 5.05492755247676e-05 0.0213676807006294
0.000105636576549538 7.52596152620347e-05 0.00111660305740804 0.000105591473472483 7.49256975503254e-05
0.00111660507132357 -1.66638570205152e-09 -3.80342069353733e-09 -3.80706277598634e-09 1.22067269544218e-08 0.0909090909090909
bb_ho2b1_0 1 0.00027003016512036 1.56972313325137 0.289492574766362 -0.00021191289826772
0.0033505078782135 1.37907657105626e-07 3.35143619319339e-05 0.00334911591430115 6.5109664215605e-07
3.35284121020727e-05 -4.58526797123087e-08 -4.61688034233378e-09 -4.6079405563492e-09 4.5775887524948e-10 0.0909090909090909
bb_ho.l2b1_1 1 0.00027003016512036 1.56972313325137 0.289487575809959 -0.00486993056339963
0.00335050799246075 -1.5115371450951e-07 3.35143619319339e-05 0.00334910717708361 3.61914087823488e-07
3.35284121020727e-05 -4.57730815791019e-08 -4.62082851263216e-09 -4.61188872664758e-09 4.5775887524948e-10 0.0909090909090909
bb_ho.r2b1_1 1 0.00027003016512036 1.56972313325137 0.289497573722185 0.00444610422656429
0.00335051275027406 4.26968995191513e-07 3.35143619319339e-05 0.00334912963991588 9.40279162945308e-07
3.35284121020727e-05 -4.59322097303569e-08 -4.61293217249337e-09 -4.60399238650879e-09 4.5775887524948e-10 0.0909090909090909
bb_ho.l2b1_2 1 0.00027003016512036 1.56972313325137 0.289482272569251 -0.0098114797403086
0.00335051356447989 -4.57810126243083e-07 3.35143619319339e-05 0.00334910336113828 5.51291170331219e-08
3.35284121020727e-05 -4.56885638916295e-08 -4.62501700634146e-09 -4.61607722035688e-09 4.5775887524948e-10 0.0909090909090909
bb_ho.r2b1_2 1 0.00027003016512036 1.56972313325137 0.289502876962893 0.00938765340347325
0.00335052336971284 7.33625406925086e-07 3.35143619319339e-05 0.00334914965410704 1.24706413373567e-06
3.35284121020727e-05 -4.60165062653698e-08 -4.60874367878407e-09 -4.59980389279949e-09 4.5775887524948e-10 0.0909090909090909
bb_ho.l2b1_3 1 0.00027003016512036 1.56972313325137 0.289476252086974 -0.0154213531893642
0.00335052669169015 -8.05940560764618e-07 3.35143619319339e-05 0.00334910583355178 -2.9314726363071e-07
3.35284121020727e-05 -4.55925226331084e-08 -4.62977197665748e-09 -4.6208321906729e-09 4.5775887524948e-10 0.0909090909090909
bb_ho.r2b1_3 1 0.00027003016512036 1.56972313325137 0.28950889744517 0.0149975268525289
0.00335054222698556 1.08175584144662e-06 3.35143619319339e-05 0.00334917917958532 1.59534051439951e-06
3.35284121020727e-05 -4.61121106610027e-08 -4.60398870846805e-09 -4.59504892248347e-09 4.5775887524948e-10 0.0909090909090909
bb_ho.l2b1_4 1 0.00027003016512036 1.56972313325137 0.28946855804103 -0.0225906499453348
0.00335055399550142 -1.25084371544986e-06 3.35143619319339e-05 0.00334911952517701 -7.38236934324561e-07
3.35284121020727e-05 -4.54696401939324e-08 -4.63584872572695e-09 -4.62690893974237e-09 4.5775887524948e-10 0.0909090909090909
bb_ho.r2b1_4 1 0.00027003016512036 1.56972313325137 0.289516591491114 0.0221668236084994
0.00335057685369253 1.52665899613186e-06 3.35143619319339e-05 0.00334922744444136 2.04043018509336e-06
3.35284121020727e-05 -4.62341472167204e-08 -4.59791195939858e-09 -4.588972173414e-09 4.5775887524948e-10 0.0909090909090909
bb_ho.l2b1_5 1 0.00027003016512036 1.56972313325137 0.289453452498853 -0.036665964197182
0.00335064196049135 -2.12431177333405e-06 3.35143619319339e-05 0.0033491807800821 -1.61207117476801e-06
3.35284121020727e-05 -4.52279186377628e-08 -4.64777906641359e-09 -4.63883928042901e-09 4.5775887524948e-10 0.0909090909090909
bb_ho.r2b1_5 1 0.00027003016512036 1.56972313325137 0.289531697033291 0.0362421378603466
0.00335067919555397 2.40012705401605e-06 3.35143619319339e-05 0.00334935657616966 2.9142644255368e-06
3.35284121020727e-05 -4.64732694499367e-08 -4.58598161871194e-09 -4.57704183272736e-09 4.5775887524948e-10 0.0909090909090909
bb_ho5b1_0 1 0.000158392537536412 -0.00127358996050678 -6.69635574203712e-05 -4.23668058345613e-05
0.000100521347603447 -4.18879300910147e-08 0.00111707730852132 0.000100499209798726 2.70168883998117e-07
0.00111732408513847 -1.45092245830824e-09 6.39942240038795e-09 6.40251693380268e-09 1.61419636409186e-08 0.0909090909090909
bb_ho.l5b1_1 1 0.000158392537536412 -0.00127358996050678 -0.00279923261413336 -3.88870135130841e-05
0.000100605170249403 -9.67667971652626e-06 0.00111707730852132 0.000100577667822506 -9.36675135076019e-06
0.00111732408513847 -1.56013837430658e-09 6.26019796397868e-09 6.26329249739341e-09 1.61419636409186e-08 0.0909090909090909
bb_ho.r5b1_1 1 0.000158392537536412 -0.00127358996050678 0.00266530518236709 -4.58465977524053e-05
0.00010060372509662 9.59290273877075e-06 0.00111707730852132 0.000100586988629181 9.90708800093605e-06
0.00111732408513847 -1.33930493386793e-09 6.53864682064808e-09 6.54174135406281e-09 1.61419636409186e-08 0.0909090909090909
bb_ho.l5b1_2 1 0.000158392537536412 -0.00127358996050678 -0.00569781370021005 -3.51954077461749e-05
0.000100875777993172 -1.98979370893435e-05 0.00111707730852132 0.000100842624537937 -1.95902667296244e-05
0.00111732408513847 -1.67337686647554e-09 6.11249899666648e-09 6.11559353008121e-09 1.61419636409186e-08 0.0909090909090909
bb_ho.r5b1_2 1 0.000158392537536412 -0.00127358996050678 0.00556388626844377 -4.95382035193144e-05
0.000100872799721697 1.9814160111588e-05 0.00111707730852132 0.000100861833505311 2.01306033798002e-05
0.00111732408513847 -1.21826793652023e-09 6.68634578796028e-09 6.68944032137501e-09 1.61419636409186e-08 0.0909090909090909
bb_ho.l5b1_3 1 0.000158392537536412 -0.00127358996050678 -0.00898841599864635 -3.10045274289526e-05
0.000101409690452306 -3.15015776310771e-05 0.00111707730852132 0.000101370171772584 -3.11964706634685e-05
0.00111732408513847 -1.79865445719243e-09 5.94482434935412e-09 5.94791888276885e-09 1.61419636409186e-08 0.0909090909090909
bb_ho.r5b1_3 1 0.000158392537536412 -0.00127358996050678 0.00885448856688008 -5.37290838365367e-05
0.000101404971714118 3.14178006533216e-05 0.00111707730852132 0.000101400606233864 3.17368073136444e-05
0.00111732408513847 -1.077585237917e-09 6.85402043527264e-09 6.85711496868737e-09 1.61419636409186e-08 0.0909090909090909
bb_ho.l5b1_4 1 0.000158392537536412 -0.00127358996050678 -0.0131937344597353 -2.56486731603876e-05
0.000102442914985302 -4.63307789019755e-05 0.00111707730852132 0.000102395339203953 -4.60289478939598e-05
0.00111732408513847 -1.95368599597037e-09 5.73053978201691e-09 5.73363431543164e-09 1.61419636409186e-08 0.0909090909090909
bb_ho.r5b1_4 1 0.000158392537536412 -0.00127358996050678 0.0130598070279691 -5.90849381051017e-05
0.000102435971968354 4.624700192422e-05 0.00111707730852132 0.000102440119603296 4.65692845441356e-05
0.00111732408513847 -8.92725287794563e-10 7.06830500260985e-09 7.07139953602458e-09 1.61419636409186e-08 0.0909090909090909
bb_ho.l5b1_5 1 0.000158392537536412 -0.00127358996050678 -0.0214499387829303 -1.51336485372398e-05
0.000105616685960976 -7.54446062554017e-05 0.00111707730852132 0.000105553544862315 -7.51492068629706e-05
0.00111732408513847 -2.24150654152833e-09 5.30983985462418e-09 5.31293438803891e-09 1.61419636409186e-08 0.0909090909090909
bb_ho.r5b1_5 1 0.000158392537536412 -0.00127358996050678 0.0213160113511641 -6.95999627282495e-05
0.000105605376069063 7.53608292776462e-05 0.00111707730852132 0.000105626490309549 7.56895435131464e-05
0.00111732408513847 -5.13244746397565e-10 7.48900493000258e-09 7.49209946341731e-09 1.61419636409186e-08 0.0909090909090909
bb_ho8b1_0 1 0.00019226017350067 0.79230271429696 1.26496210586336e-05 0.0793919541275986
0.000502601425717905 7.40767726880841e-08 0.000223417830497381 0.000502669118062699 -3.00263710334932e-08
0.000223387734572463 -7.40042282934888e-10 -5.46055251030331e-09 -5.46144175838968e-09 3.28441909186131e-10 0.0909090909090909
bb_ho.l8b1_1 1 0.00019226017350067 0.79230271429696 -0.00231621381859328 0.0770307070666632
0.000502616768085618 -1.85290201503321e-06 0.000223417830497381 0.000502686253970785 -1.95674558140241e-06
0.000223387734572463 -6.45815649384094e-10 -5.46338532176957e-09 -5.46427456985595e-09 3.28441909186131e-10 0.0909090909090909
bb_ho.r8b1_1 1 0.00019226017350067 0.79230271429696 0.00234151279057746 0.0817532009146446
0.000502619323730271 2.00105533689231e-06 0.000223417830497381 0.00050268521805719 1.89669261584847e-06
0.000223387734572463 -8.3422003956672e-10 -5.45771969916564e-09 -5.45860894725201e-09 3.28441909186131e-10 0.0909090909090909
bb_ho.l8b1_2 1 0.00019226017350067 0.79230271429696 -0.00478683416413021 0.0745257319228831
0.00050266938129182 -3.89717516446008e-06 0.000223417830497381 0.000502740764994546 -4.00074335311623e-06
0.000223387734572463 -5.45800063379586e-10 -5.46639056523918e-09 -5.46727981332555e-09 3.28441909186131e-10 0.0909090909090909
bb_ho.r8b1_2 1 0.00019226017350067 0.79230271429696 0.0048121331361144 0.0842581760584247
0.000502674648142264 4.04532848631918e-06 0.000223417830497381 0.000502738630111681 3.94069038756228e-06
0.000223387734572463 -9.34076948722053e-10 -5.45471445569603e-09 -5.4556037037824e-09 3.28441909186131e-10 0.0909090909090909
bb_ho.l8b1_3 1 0.00019226017350067 0.79230271429696 -0.00759159578501809 0.0716819691581004
0.000502774451924664 -6.21792787844211e-06 0.000223417830497381 0.000502847984009155 -6.32118344567821e-06
0.000223387734572463 -4.32191123404081e-10 -5.4698022555704e-09 -5.47069150365677e-09 3.28441909186131e-10 0.0909090909090909
bb_ho.r8b1_3 1 0.00019226017350067 0.79230271429696 0.00761689475700228 0.0871019388232074
0.000502782796660369 6.36608120030121e-06 0.000223417830497381 0.00050284460152593 6.26113048012427e-06
0.000223387734572463 -1.04737243965521e-09 -5.45130276536482e-09 -5.45219201345119e-09 3.28441909186131e-10 0.0909090909090909
bb_ho.l8b1_4 1 0.00019226017350067 0.79230271429696 -0.0111760203843443 0.0680477019416558
0.000502978909856673 -9.18379957855362e-06 0.000223417830497381 0.000503055178072801 -9.28665562238641e-06
0.000223387734572463 -2.86898188856935e-10 -5.47416232191522e-09 -5.47505157000159e-09 3.28441909186131e-10 0.0909090909090909
bb_ho.r8b1_4 1 0.00019226017350067 0.79230271429696 0.0112013193563285 0.0907362060396521
0.000502991188063074 9.33195290041273e-06 0.000223417830497381 0.000503050201183341 9.22660265683247e-06
0.000223387734572463 -1.19205845297589e-09 -5.44694269901999e-09 -5.44783194710636e-09 3.28441909186131e-10 0.0909090909090909
bb_ho.l8b1_5 1 0.00019226017350067 0.79230271429696 -0.0182132381708102 0.0609126292995525
0.000503609372843826 -1.50066267861127e-05 0.000223417830497381 0.000503690981988465 -1.51086984549023e-05
0.000223387734572463 -1.31120633821082e-12 -5.48272233917371e-09 -5.48361158726008e-09 3.28441909186131e-10 0.0909090909090909
bb_ho.r8b1_5 1 0.00019226017350067 0.79230271429696 0.0182385371427944 0.0978712786817554
0.000503629373542129 1.51547801079718e-05 0.000223417830497381 0.000503682874838175 1.50486454893483e-05
0.000223387734572463 -1.47578042175153e-09 -5.4383826817615e-09 -5.43927192984787e-09 3.28441909186131e-10 0.0909090909090909
bb_par.l1b1_1 0 0.0157201830600349 0.0157227098467105 -0.000434465031573334 -1.18491372194708 1
bb_par.r1b1_1 0 0.0157185210479086 0.0157160505359978 0.000518376386101549 1.18487902532292 1
bb_par.l1b1_2 0 0.0625773779496052 0.0625824877021669 -0.000910866562108912 -2.36981009110078 1
bb_par.r1b1_2 0 0.0625740537493606 0.0625691692571024 0.000994787092538245 2.36977539856948 1
bb_par.l1b1_3 0 0.14067214872117 0.14067989760439 -0.00138726809264403 -3.55470646025333 1
bb_par.r1b1_3 0 0.140667162157374 0.140659920200749 0.00147119779897448 3.55467177181489 1
bb_par.l1b1_4 0 0.250004495374881 0.250014939553531 -0.0018636696231796 -4.73960282940704 1
bb_par.r1b1_4 0 0.2499978462721 0.24998830336709 0.00194760850541117 4.73956814506144 1
bb_par.l1b1_5 0 0.390574417910526 0.390587613549377 -0.00234007115371472 -5.92449919855958 1
bb_par.r1b1_5 0 0.390566106093326 0.390554318755913 0.0024240192118474 5.92446451830685 1
bb_par.l1b1_6 0 0.562381916328378 0.562397919592203 -0.0028164726842503 -7.10939556771328 1
bb_par.r1b1_6 0 0.562371941621326 0.562357966367491 0.0029004299182841 7.10936089155341 1
bb_par.l1b1_7 0 0.703854254681208 0.830573244778276 -0.00324471367473615 -8.2968140186799 1
bb_par.r1b1_7 0 0.830540031570736 0.703828844167335 0.00333793178228839 8.29680001943944 1
bb_par.l1b1_8 0 0.687110503408366 1.39803954333726 -0.00355111033003882 -9.53310804036498 1
bb_par.r1b1_8 0 1.3979891375784 0.687089729774598 0.00368072190400436 9.53317412710087 1
bb_par.l1b1_9 0 0.626259255879729 2.19947383148644 -0.00382270982218444 -10.7339902122782 1
bb_par.r1b1_9 0 2.19939970554944 0.626244325819594 0.00399611727848866 10.7341526713723 1
bb_par.l1b1_10 0 0.698304184318745 2.65552597937755 -0.0041181077489418 -11.5919553866883 1
bb_par.r1b1_10 0 2.65544096162496 0.698292020112461 0.0043016379440903 11.5921482560999 1
bb_par.l1b1_11 0 0.921679861354355 2.63089120275348 -0.00443300393530651 -12.0598804154739 1
bb_par.r1b1_11 0 2.63081104852162 0.921668662286651 0.00459289043704002 12.0600383750213 1
bb_par.l1b1_12 0 1.42795111237365 2.04878909515721 -0.00481057581335769 -12.1736855854752 1
bb_par.r1b1_12 0 2.04873028130317 1.42793903340242 0.00490472074985807 12.1737266552355 1
bb_par.l1b1_13 0 2.11098679556252 1.43678777003286 -0.00519645906875904 -12.1969655464639 1
bb_par.r1b1_13 0 1.4367500379899 2.11097395477546 0.00521545790040101 12.1968715836513 1
bb_par.l1b1_14 0 2.43037407368733 1.18597084348622 -0.00534056588007078 -12.0935100842258 1
bb_par.r1b1_14 0 1.18594355566367 2.43036366366031 0.00532173390952789 12.0933587333682 1
bb_par.l1b1_15 0 2.33218819067484 1.16202861709314 -0.00524946920961839 -11.784330992405 1
bb_par.r1b1_15 0 1.16200601241931 2.3321822629112 0.00522454039235328 11.7841891640927 1
bb_par.l1b1_16 0 2.21662794225973 1.14800800433776 -0.00514713185316668 -11.4481110680889 1
bb_par.r1b1_16 0 1.14798980760065 2.21662636450116 0.00511758115769625 11.4479818842914 1
bb_par.l1b1_17 0 2.10400519524254 1.13407520935196 -0.854988576673671 -11.1118911437724 1
bb_par.r1b1_17 0 1.13406131505772 2.10400785180324 0.854954404100728 11.1117746044897 1
bb_par.l1b1_18 0 1.99431991839324 1.12023023213577 -2.91443470469533 -10.7756712194563 1
bb_par.r1b1_18 0 1.12022051353901 1.99432672481765 2.91439591024606 10.7755673246884 1
bb_par.l1b1_19 0 1.88757212623219 1.10647307268916 -6.18348546402564 -10.4394512951398 1
bb_par.r1b1_19 0 1.10646740487645 1.88758298354419 6.18344204770131 10.4393600448868 1
bb_par.l1b1_20 0 1.78376183290498 1.09280373101216 -10.6621407739481 -10.1032313708237 1
bb_par.r1b1_20 0 1.09280199089082 1.78377662798306 10.6620927357502 10.1031527650855 1
bb_par.l1b1_21 0 1.68288905218157 1.07922220710474 -16.3504005249498 -9.76701144650722 1
bb_par.r1b1_21 0 1.07922427339166 1.68290765813405 16.3503478648799 9.76694548528385 1
bb_par.l1b1_22 0 1.58495378522985 1.06572850096693 -23.3880769705659 -9.43079152219108 1
bb_par.r1b1_22 0 1.06573424593587 1.58497607399737 23.388019688626 9.43073820548255 1
bb_par.l1b1_23 0 1.48995605410822 1.05232261259871 -31.6934962326623 -9.09457159787463 1
bb_par.r1b1_23 0 1.05233191539299 1.48998187557283 31.6934343288542 9.09453092568091 1
bb_par.l1b1_24 0 1.3978959615782 1.03900454200009 -40.1387278866334 -8.75835167355849 1
bb_par.r1b1_24 0 1.0390173488262 1.3979250628606 40.1386613609575 8.75832364587961 1
bb_par.l1b1_25 0 1.30877351986698 1.02577428917107 -48.5839595406046 -8.42213174924236 1
bb_par.r1b1_25 0 1.02579055447697 1.3088056358606 48.5838883930608 8.42211636607831 1
bb_par.l1b1_26 0 1.22258872897449 1.01263185411164 -57.029191194584 -8.0859118249259 1
bb_par.r1b1_26 0 1.01265153234528 1.22262359457275 57.0291154251724 8.08590908627667 1
bb_par.l1b1_27 0 1.1393415889009 0.999577236821809 -65.4744228485551 -7.74969190060977 1
bb_par.r1b1_27 0 0.999600282431167 1.1393789389972 65.4743424572758 7.74970180647536 1
bb_par.l1b1_28 0 1.05903209964603 0.986610437301565 -73.9196545025345 -7.41347197629331 1
bb_par.r1b1_28 0 0.986636804734593 1.0590716691338 73.9195694893873 7.41349452667373 1
bb_par.l1b1_29 0 0.981660261210046 0.973731455550929 -82.3648861565057 -7.07725205197718 1
bb_par.r1b1_29 0 0.973761099255588 0.981701784982713 82.3647965214906 7.07728724687242 1
bb_par.l1b1_30 0 0.907226073592799 0.960940291569878 -90.8101178104851 -6.74103212766071 1
bb_par.r1b1_30 0 0.960973165994128 0.907269286543776 90.8100235536021 6.74107996707079 1
bb_par.l1b1_31 0 0.835729536794433 0.948236945358434 -99.2553494644562 -6.40481220334459 1
bb_par.r1b1_31 0 0.948273004950237 0.835774173817138 99.2552505857055 6.40487268726949 1
bb_par.l1b1_32 0 0.767170650814809 0.935621416916574 -107.700581118436 -6.06859227902812 1
bb_par.r1b1_32 0 0.935660616123891 0.76721644680266 107.700477617817 6.06866540746785 1
bb_par.l1b1_33 0 0.701549415654059 0.923093706244323 -116.145812772407 -5.732372354712 1
bb_par.r1b1_33 0 0.923135999515114 0.701596105500477 116.14570464992 5.73245812766655 1
bb_par.l1b1_34 0 0.638865831312056 0.910653813341655 -124.591044426386 -5.39615243039553 1
bb_par.r1b1_34 0 0.910699155123882 0.638913149910459 124.590931682032 5.39625084786492 1
bb_par.l1b1_35 0 0.579119897788922 0.898301738208596 -133.036276080357 -5.05993250607941 1
bb_par.r1b1_35 0 0.898350082950219 0.579167580032728 133.036158714135 5.0600435680636 1
bb_par.l1b1_36 0 0.522311615084541 0.886037480845121 -141.481507734337 -4.72371258176294 1
bb_par.r1b1_36 0 0.8860887829941 0.52235939586717 141.481385746247 4.72383628826197 1
bb_par.l1b1_37 0 0.468440983199023 0.873861041251253 -149.926739388308 -4.38749265744681 1
bb_par.r1b1_37 0 0.873915255255551 0.468488597413894 149.92661277835 4.38762900846066 1
bb_par.l1b1_38 0 0.417508002132312 0.861772419426982 -158.371971042279 -4.05127273313068 1
bb_par.r1b1_38 0 0.861829499734558 0.417555184672843 158.371839810453 4.05142172865936 1
bb_par.l1b1_39 0 0.369512671884362 0.849771615372295 -166.817202696258 -3.71505280881422 1
bb_par.r1b1_39 0 0.849831516431111 0.369559157643973 166.817066842565 3.71521444885773 1
bb_par.l1b1_40 0 0.324454992455267 0.837858629087216 -175.26243435023 -3.37883288449809 1
bb_par.r1b1_40 0 0.837921305345232 0.324500516327376 175.262293874668 3.37900716905642 1
bb_par.l1b1_41 0 0.282334963844939 0.826033460571721 -183.707666004209 -3.04261296018163 1
bb_par.r1b1_41 0 0.826098866476899 0.282379260722965 183.70752090678 3.04279988925479 1
bb_par.l1b1_42 0 0.243152527214569 0.814296109825834 -190.232430083619 -2.7063930358655 1
bb_par.r1b1_42 0 0.81436401202559 0.243195390830822 190.232280364338 2.70659260945349 1
bb_par.l1b1_43 0 0.20690766361265 0.802646576849531 -193.517329319803 -2.37017311154904 1
bb_par.r1b1_43 0 0.802716619489779 0.206948906650871 193.517174978701 2.37038532965185 1
bb_par.l1b1_44 0 0.17360041088954 0.791084861642836 -194.002162122933 -2.03632072584221 1
bb_par.r1b1_44 0 0.791156739691968 0.173639808183182 194.002003160035 2.0363200537993 1
bb_par.l1b1_45 0 0.1433311205489 0.779069248571277 -194.002059719878 -1.88654674405648 1
bb_par.r1b1_45 0 0.779142830734867 0.143368407291993 194.001896109035 1.87373874364155 1
bb_par.l2b1_1 0 0.003818267546884 0.0038132334377591 0.287324898371904 -2.02004873415257 1
bb_par.r2b1_1 0 0.00382033066806517 0.00382297389263999 0.29166023010655 2.01962490338764 1
bb_par.l2b1_2 0 0.00522360966241962 0.00521532645403109 0.285157211169554 -4.03988556484196 1
bb_par.r2b1_2 0 0.00522773588956918 0.00523480737892597 0.293827896255209 4.03946172964894 1
bb_par.l2b1_3 0 0.00756653423292843 0.00755539498310523 0.283566884285762 -5.92128016667097 1
bb_par.r2b1_3 0 0.00757272356271755 0.00758461638128168 0.294358075209533 5.66665401553139 1
bb_par.l2b1_4 0 0.010847041258415 0.0108334390249861 0.28599286790375 -6.83962455568664 1
bb_par.r2b1_4 0 0.0108552936875148 0.0108724008997117 0.292359786629135 6.68755821777973 1
bb_par.l2b1_5 0 0.0150651307388729 0.0150494585796672 0.288418851521736 -7.75796894470141 1
bb_par.r2b1_5 0 0.0150754462639546 0.0150981609342096 0.290361498048739 7.70846242002707 1
bb_par.l2b1_6 0 0.0202208026743104 0.0202034536471569 0.28958817650074 -8.97764097488763 1
bb_par.r2b1_6 0 0.0202331812920452 0.0202618964847837 0.289396846709269 8.97721712198329 1
bb_par.l2b1_7 0 0.0285959913525659 0.0241416584633595 0.289666197585799 -10.4770802564174 1
bb_par.r2b1_7 0 0.0241718978651674 0.0286499400074639 0.289537267253269 10.4767460012374 1
bb_par.l2b1_8 0 0.0470140233185321 0.022667597972266 0.291715587230438 -12.0378183716527 1
bb_par.r2b1_8 0 0.0226909837647373 0.0470976819708186 0.291915471561872 12.037829276696 1
bb_par.l2b1_9 0 0.0730383538137724 0.0199040330061887 0.302635354745004 -13.4953464774873 1
bb_par.r2b1_9 0 0.0199193204552352 0.0731632455704919 0.303237011321898 13.4957728376186 1
bb_par.l2b1_10 0 0.0874069430064184 0.0215311543496616 0.301174042712616 -14.5157197223366 1
bb_par.r2b1_10 0 0.0215415494601635 0.0875518362360063 0.301897960407214 14.516290456641 1
bb_par.l2b1_11 0 0.0859024152217801 0.027883182913443 0.293522909297154 -14.9877462333818 1
bb_par.r2b1_11 0 0.0278897925265955 0.0860405360964965 0.294095836556995 14.9881945153014 1
bb_par.l2b1_12 0 0.0662897658219973 0.0427762893914547 0.271593257967861 -14.992317505314 1
bb_par.r2b1_12 0 0.042778886107579 0.0663924622810102 0.271676455888032 14.9923084966086 1
bb_par.l2b1_13 0 0.0459346974999656 0.0629338001767384 0.245882200606217 -14.8806093665918 1
bb_par.r2b1_13 0 0.0629304119658348 0.0460019481571337 0.245400684528467 14.8800691195321 1
bb_par.l2b1_14 0 0.03737656901311 0.0722434142940324 0.226241152155316 -14.6293736887781 1
bb_par.r2b1_14 0 0.0722332391816235 0.0374268201840213 0.225510142171209 14.6286239911945 1
bb_par.l2b1_15 0 0.036130430649267 0.0691690154376204 0.215875317667061 -14.0997507558333 1
bb_par.r2b1_15 0 0.0691534463725037 0.0361740007817533 0.215164528771391 14.0990696649121 1
bb_par.l2b1_16 0 0.0352917380322921 0.0656303691097529 0.601651964002826 -13.5134184641111 1
bb_par.r2b1_16 0 0.065609791844157 0.0353290780912667 -0.184230181624753 13.5128189613263 1
bb_par.l2b1_17 0 0.0345508724307483 0.0622312608025055 4.78807653302994 -12.9270861723883 1
bb_par.r2b1_17 0 0.0622059368489695 0.0345820399053314 -4.3842729429387 12.9265682577399 1
bb_par.l2b1_18 0 0.0339078328958157 0.0589716905158848 13.1064846316676 -12.3407538806661 1
bb_par.r2b1_18 0 0.0589418822351702 0.0339328862239489 -12.7162993690915 12.3403175541541 1
bb_par.l2b1_19 0 0.0333626256726768 0.0558516582498843 24.5628645051872 -11.7544215889433 1
bb_par.r2b1_19 0 0.0558176414144532 0.0333816170471179 -24.1862976702543 11.7540668505677 1
bb_par.l2b1_20 0 0.03291526821086 0.0528711640045102 36.0192443786957 -11.1680892972211 1
bb_par.r2b1_20 0 0.0528332454021951 0.0329282323748395 -35.6562959714058 11.1678161469818 1
bb_par.l2b1_21 0 0.0325657605103646 0.0500302077797567 47.4756242522153 -10.5817570054984 1
bb_par.r2b1_21 0 0.0499886941983902 0.0325727322071128 -47.1262942725686 10.5815654433954 1
bb_par.l2b1_22 0 0.032314102571191 0.0473287895756293 58.9320041257237 -9.99542471377616 1
bb_par.r2b1_22 0 0.0472839878030438 0.0323151165439385 -58.5962925737203 9.99531473980961 1
bb_par.l2b1_23 0 0.032160294393339 0.0447669093921227 70.3883839992433 -9.40909242205339 1
bb_par.r2b1_23 0 0.0447191262161509 0.032155385385316 -70.066290874883 9.40906403622321 1
bb_par.l2b1_24 0 0.0321043359768087 0.0423445672292419 81.8447638727516 -8.82276013033119 1
bb_par.r2b1_24 0 0.0422941094377164 0.0320935387312458 -81.5362891760347 8.82281333263738 1
bb_par.l2b1_25 0 0.0321462273216 0.0400617630869844 93.3011437462602 -8.23642783860899 1
bb_par.r2b1_25 0 0.0400089374677377 0.0321295765817276 -93.0062874771863 8.23656262905155 1
bb_par.l2b1_26 0 0.032285968427713 0.0379184969653482 104.75752361978 -7.65009554688621 1
bb_par.r2b1_26 0 0.0378636103062129 0.0322634989367615 -104.476285778349 7.65031192546515 1
bb_par.l2b1_27 0 0.0325235592951475 0.0359147688643374 116.213903493288 -7.06376325516401 1
bb_par.r2b1_27 0 0.035858127953146 0.0324953057963474 -115.946284079501 7.06406122187932 1
bb_par.l2b1_28 0 0.0328589999239039 0.0340505787839481 127.670283366808 -6.47743096344123 1
bb_par.r2b1_28 0 0.0339924904085332 0.0328249971604856 -127.416282380663 6.47781051829293 1
bb_par.l2b1_29 0 0.0332922903139816 0.0323259267241839 139.126663240316 -5.89109867171903 1
bb_par.r2b1_29 0 0.0322666976723781 0.0332525730291756 -138.886280681815 5.89155981470709 1
bb_par.l2b1_30 0 0.0338234304653815 0.0307408126850415 150.583043113836 -5.30476637999626 1
bb_par.r2b1_30 0 0.0306807497446773 0.0337780334024181 -150.356278982978 5.3053091111207 1
bb_par.l2b1_31 0 0.0344524203781024 0.029295236666524 162.039422987344 -4.71843408827405 1
bb_par.r2b1_31 0 0.029234646625434 0.0344013782802122 -161.82627728413 4.71905840753487 1
bb_par.l2b1_32 0 0.0351792600521457 0.0279891986686286 173.495802860864 -4.13210179655128 1
bb_par.r2b1_32 0 0.0279283883146453 0.0351226076625589 -173.296275585292 4.13280770394847 1
bb_par.l2b1_33 0 0.036003945927618 0.0268226986913578 184.340900967585 -3.54576950482908 1
bb_par.r2b1_33 0 0.0267619721477645 0.0359417215494571 -184.154992129016 3.54655700036264 1
bb_par.l2b1_34 0 0.0369264590013994 0.0257957367347093 191.385353530459 -2.9594372131063 1
bb_par.r2b1_34 0 0.0257353847620736 0.0368587199409082 -191.213063185929 2.96030629677623 1
bb_par.l2b1_35 0 0.037946794808127 0.0249083127986851 194.079141649566 -2.3731049213841 1
bb_par.r2b1_35 0 0.0248486251513987 0.0378736028369104 -193.92046985978 2.37405559319041 1
bb_par.l2b1_36 0 0.03906496228344 0.0241604268832835 194.07303539371 -1.91630241868471 1
bb_par.r2b1_36 0 0.0241017010584372 0.0389863702374658 -193.927635289293 1.89472001400525 1
bb_par.l2b1_37 0 0.0395095906323312 0.0240145131508046 194.071853763562 -1.72443885369795 1
bb_par.r2b1_37 0 0.0239559291795103 0.0394272312360223 -193.930946493812 1.6176890149784 1
bb_par.l2b1_38 0 0.0370716560516898 0.0258701757266353 194.066772454298 -1.54510354837486 1
bb_par.r2b1_38 0 0.0258075011817206 0.0369919379424982 -193.938403052355 1.36177952694258 1
bb_par.l2b1_39 0 0.0326403503757832 0.0295576579431923 194.05880401025 -1.37370349160914 1
bb_par.r2b1_39 0 0.0294871216201 0.0325681315215055 -193.948825502316 1.11917764058262 1
bb_par.l2b1_40 0 0.0284906254853991 0.0336884034031581 194.050705959017 -1.20265087874655 1
bb_par.r2b1_40 0 0.0336096230404295 0.0284259651087769 -193.959378680477 0.877143926509263 1
bb_par.l2b1_41 0 0.0247259760968269 0.0381888157595858 194.042607907784 -1.03159826588379 1
bb_par.r2b1_41 0 0.0381015872202695 0.0246687103002165 -193.969931858638 0.635110212435678 1
bb_par.l2b1_42 0 0.0213464022100739 0.0430588950124667 194.03450985655 -0.860545653021207 1
bb_par.r2b1_42 0 0.0429630141596112 0.0212963670958316 -193.980485036799 0.393076498362327 1
bb_par.l2b1_43 0 0.0183519038251335 0.0482986411618102 194.026411805317 -0.689493040158453 1
bb_par.r2b1_43 0 0.048193903858464 0.0183089354956157 -193.99103821496 0.151042784288741 1
bb_par.l2b1_44 0 0.0157424809420116 0.0539080542076061 194.018313754084 -0.518440427295866 1
bb_par.r2b1_44 0 0.0537942563168179 0.0157064154995746 -194.000182684705 0.00203611022219873 1
bb_par.l2b1_45 0 0.0139379548206735 0.0581701672004387 194.010541419696 -0.345012069908288 1
bb_par.r2b1_45 0 0.0580506557665175 0.0139077014024462 -194.000220216264 0.00198603252623905 1
bb_par.l5b1_1 0 0.0157262560998402 0.0157273512239526 -1.18484916082398 0.00146658658630302 1
bb_par.r5b1_1 0 0.015725628946075 0.0157313934648243 1.18471531691333 -0.00155125336898789 1
bb_par.l5b1_2 0 0.0626028253824515 0.0626119404640338 -2.36963122469219 0.00297554741154967 1
bb_par.r5b1_2 0 0.0626015700663158 0.0626200259527049 2.36949746430264 -0.00306014736566292 1
bb_par.l5b1_3 0 0.140730229225017 0.140754266962546 -3.55441328856039 0.00448450823679633 1
bb_par.r5b1_3 0 0.140728344741052 0.140766396703257 3.55427961169195 -0.00456904136233796 1
bb_par.l5b1_4 0 0.250108467627506 0.250154330719458 -4.7391953524283 0.00599346906204261 1
bb_par.r5b1_4 0 0.250105952970254 0.250170505716449 4.73906175908097 -0.00607793535901262 1
bb_par.l5b1_5 0 0.390737540589972 0.390812131734824 -5.92397741629651 0.00750242988728927 1
bb_par.r5b1_5 0 0.390734394753974 0.390832352992334 5.92384390647029 -0.00758682935568766 1
bb_par.l5b1_6 0 0.562617448112391 0.56272767000862 -7.10875948016471 0.00901139071253592 1
bb_par.r5b1_6 0 0.562613670092189 0.562751938530891 7.1086260538596 -0.00909572335236269 1
bb_par.l5b1_7 0 0.7041496294121 0.83106690730196 -8.29605212737558 0.0107384069256695 1
bb_par.r5b1_7 0 0.830896415044922 0.704316094100222 8.29595349261125 -0.0107792693696262 1
bb_par.l5b1_8 0 0.687399371418264 1.3988776034974 -9.53218441922375 0.0131475469565229 1
bb_par.r5b1_8 0 1.39858835328985 0.68756023262312 9.53221990598489 -0.0130202728724982 1
bb_par.l5b1_9 0 0.62652305381193 2.20079900743005 -10.7328954199753 0.0157389551018199 1
bb_par.r5b1_9 0 2.20034180441748 0.626668035134564 10.7330922854446 -0.0154093644073299 1
bb_par.l5b1_10 0 0.698598898924464 2.65713171427848 -11.590752818322 0.0171971246110982 1
bb_par.r5b1_10 0 2.65657786245838 0.698758727070477 11.5910034601442 -0.0168032147624885 1
bb_par.l5b1_11 0 0.922069462477583 2.63248730793938 -12.0586328355887 0.017517966084684 1
bb_par.r5b1_11 0 2.63193691152585 0.922278430479031 12.0588310189438 -0.0171963401714962 1
bb_par.l5b1_12 0 1.42855537927089 2.0500367101841 -12.1724610232141 0.0165356397013211 1
bb_par.r5b1_12 0 2.04960660423876 1.42887697342466 12.1724732124849 -0.016457768854908 1
bb_par.l5b1_13 0 2.11188072970358 1.43766724294059 -12.1957804391658 0.0152466401448033 1
bb_par.r5b1_13 0 1.4373641658794 2.11235409804654 12.1955771478636 -0.015450462302697 1
bb_par.l5b1_14 0 2.4314038029132 1.18670176812492 -12.0923470531824 0.0145933498948468 1
bb_par.r5b1_14 0 1.1864500078211 2.43194699838906 12.0920566673059 -0.0149161775137383 1
bb_par.l5b1_15 0 2.33317682437299 1.16275011682396 -11.7831822661456 0.0143992320136578 1
bb_par.r5b1_15 0 1.16250173606207 2.33369640987644 11.7829157396416 -0.0147008209951869 1
bb_par.l5b1_16 0 2.21756809224372 1.14872612993575 -11.4469763643796 0.0142256414178754 1
bb_par.r5b1_16 0 1.14847904306199 2.21806026870449 11.4467388785106 -0.0144994474944423 1
bb_par.l5b1_17 0 2.10489807967073 1.1347899470601 -11.9607139788067 0.0140520508220931 1
bb_par.r5b1_17 0 1.13454410362957 2.10536368715672 11.9605055335781 -0.0142980739936977 1
bb_par.l5b1_18 0 1.99516675541049 1.12094156819699 -13.6840559048166 0.0138784602263107 1
bb_par.r5b1_18 0 1.12069689650427 1.99560666523316 13.6838765002355 -0.0140967004929531 1
bb_par.l5b1_19 0 1.88837413398967 1.10718099334644 -16.6170021012455 0.0137048696305284 1
bb_par.r5b1_19 0 1.10693742351891 1.88878920293382 16.6168517373177 -0.0138953269922084 1
bb_par.l5b1_20 0 1.78452022955959 1.09350822250844 -20.7595524981155 0.013531279034746 1
bb_par.r5b1_20 0 1.09326568649508 1.78491130025869 20.7594311748462 -0.0136939534914638 1
bb_par.l5b1_21 0 1.68360505589621 1.07992325568299 -26.1117069966374 0.0133576884389636 1
bb_par.r5b1_21 0 1.07968168724317 1.68397295720777 26.1116147140308 -0.0134925799907191 1
bb_par.l5b1_22 0 1.58562861416766 1.06642609287009 -32.8132778247532 0.0131840978431813 1
bb_par.r5b1_22 0 1.06618541931743 1.58597417378109 32.8132145828128 -0.0132912064899745 1
bb_par.l5b1_23 0 1.49059092644179 1.05301673406974 -40.7825911398592 0.013010507247399 1
bb_par.r5b1_23 0 1.05277688959038 1.4909149499786 40.7825569385871 -0.0130898329892299 1
bb_par.l5b1_24 0 1.39849209552371 1.03969517928194 -48.8917168105122 0.0128369166516166 1
bb_par.r5b1_24 0 1.0394561651536 1.39879528580032 48.8917116499086 -0.0128884594884853 1
bb_par.l5b1_25 0 1.3093321336459 1.0264614285067 -57.0008424811652 0.0126633260558342 1
bb_par.r5b1_25 0 1.02622325425206 1.30961518124625 57.0008663612301 -0.0126870859877406 1
bb_par.l5b1_26 0 1.22311104080837 1.013315481744 -65.1099681518182 0.0124897354600519 1
bb_par.r5b1_26 0 1.01307815688576 1.22337463631639 65.1100210725514 -0.012485712486996 1
bb_par.l5b1_27 0 1.13982881701111 1.00025733899385 -73.219093822471 0.0123161448642695 1
bb_par.r5b1_27 0 1.0000208730547 1.14007365101075 73.2191757838729 -0.0122843389862514 1
bb_par.l5b1_28 0 1.05948546225415 0.987287000256265 -81.3282194931221 0.0121425542684872 1
bb_par.r5b1_28 0 0.987051402758882 1.05971222532934 81.3283304951924 -0.0120829654855068 1
bb_par.l5b1_29 0 0.982080976537451 0.974404465531222 -89.437345163775 0.0119689636727048 1
bb_par.r5b1_29 0 0.974169745998299 0.982290359272118 89.4374852065137 -0.0118815919847621 1
bb_par.l5b1_30 0 0.907615359861024 0.961609734818731 -97.5464708344278 0.0117953730769225 1
bb_par.r5b1_30 0 0.961375902772954 0.907808052839111 97.5466399178353 -0.0116802184840175 1
bb_par.l5b1_31 0 0.836088612224872 0.948902808118791 -105.655596505081 0.0116217824811401 1
bb_par.r5b1_31 0 0.948669873082848 0.836265306030317 105.655794629157 -0.0114788449832728 1
bb_par.l5b1_32 0 0.767500733628998 0.936283685431402 -113.764722175734 0.0114481918853578 1
bb_par.r5b1_32 0 0.936051656927981 0.767662118845736 113.764949340478 -0.0112774714825282 1
bb_par.l5b1_33 0 0.701851724073399 0.923752366756564 -121.873847846387 0.0112746012895754 1
bb_par.r5b1_33 0 0.923521254308353 0.701998491285367 121.8741040518 -0.0110760979817836 1
bb_par.l5b1_34 0 0.639141583558077 0.911308852094278 -129.98297351704 0.011101010693793 1
bb_par.r5b1_34 0 0.911078665223963 0.639274423349211 129.983258763121 -0.0108747244810389 1
bb_par.l5b1_35 0 0.579370312083045 0.898953141444545 -138.092099187691 0.0109274200980107 1
bb_par.r5b1_35 0 0.898723889674815 0.579489915037281 138.092413474441 -0.0106733509802943 1
bb_par.l5b1_36 0 0.522537909648274 0.886685234807361 -146.201224858344 0.0107538295022284 1
bb_par.r5b1_36 0 0.886456927660903 0.52264496634955 146.201568185762 -0.0104719774795497 1
bb_par.l5b1_37 0 0.46864437625378 0.874505132182727 -154.310350528997 0.010580238906446 1
bb_par.r5b1_37 0 0.87427777918223 0.46873957728603 154.310722897083 -0.0102706039788051 1
bb_par.l5b1_38 0 0.417689711899562 0.862412833570645 -162.41947619965 0.0104066483106636 1
bb_par.r5b1_38 0 0.862186444238796 0.417773747846724 162.419877608405 -0.0100692304780604 1
bb_par.l5b1_39 0 0.369673916585621 0.850408338971114 -170.528601870303 0.0102330577148813 1
bb_par.r5b1_39 0 0.8501829228306 0.36974747803163 170.529032319726 -0.00986785697731578 1
bb_par.l5b1_40 0 0.324596990311955 0.838491648384134 -178.637727273187 0.0100594671265806 1
bb_par.r5b1_40 0 0.838267214957643 0.324660767840748 178.638187031048 -0.00966648347657114 1
bb_par.l5b1_41 0 0.282458933078576 0.826662761809708 -186.746852943838 0.00988587653079826 1
bb_par.r5b1_41 0 0.826439320619928 0.282513617274089 186.747341742367 -0.00946510997582655 1
bb_par.l5b1_42 0 0.243259686020675 0.81492167924783 -192.935510702658 0.0097122859350159 1
bb_par.r5b1_42 0 0.814699051939594 0.243306026331632 192.936028541799 -0.00926373647508191 1
bb_par.l5b1_43 0 0.206999230178257 0.803268400698504 -195.884303094151 0.00953869533923354 1
bb_par.r5b1_43 0 0.803046286365035 0.207037995013387 195.884849973803 -0.00906236297433727 1
bb_par.l5b1_44 0 0.173677603418025 0.791702926161729 -196.035142611794 0.00936510474345118 1
bb_par.r5b1_44 0 0.791481074740041 0.173709523319355 196.035939153848 -0.00886098947359263 1
bb_par.l5b1_45 0 0.143395202099182 0.779683113300283 -195.871694208859 0.00918922414212688 1
bb_par.r5b1_45 0 0.779461653554656 0.14342096003167 195.885182243873 -0.00865751007744497 1
bb_par.l8b1_1 0 0.00362716483641777 0.00362759025013101 -1.00984272272834 -0.944505793301607 1
bb_par.r8b1_1 0 0.00362827303004925 0.00362714105119883 1.00986802170032 1.10328970128292 1
bb_par.l8b1_2 0 0.0130019632638331 0.0130019044490875 -1.21391403065589 -1.95760066922242 1
bb_par.r8b1_2 0 0.0130041796510962 0.0130010060512231 1.21393932962788 2.11638457720373 1
bb_par.l8b1_3 0 0.0286269967079456 0.0286256117149141 -0.872384215446364 -2.96338085738797 1
bb_par.r8b1_3 0 0.0286303212888403 0.0286242641181174 0.872409514418347 3.12216476536927 1
bb_par.l8b1_4 0 0.0505022651687857 0.050498712047641 -0.530854400236503 -3.96916104555449 1
bb_par.r8b1_4 0 0.050506697943312 0.0504969152519121 0.530879699208487 4.1279449535358 1
bb_par.l8b1_5 0 0.0786277686463108 0.0786212054472257 -0.189324585026976 -4.97494123372004 1
bb_par.r8b1_5 0 0.0786333096144688 0.0786189594525646 0.18934988399896 5.13372514170134 1
bb_par.l8b1_6 0 0.113003507140576 0.112993091913723 -0.000826923273334439 -5.98277307165675 1
bb_par.r8b1_6 0 0.113010156302365 0.11299039672013 0.000852222245319134 6.14155697963805 1
bb_par.l8b1_7 0 0.166803046073748 0.141165985751985 -0.000996575318286966 -6.99535652415275 1
bb_par.r8b1_7 0 0.14118699214614 0.166783237258417 0.000973447446967499 7.15405877229911 1
bb_par.l8b1_8 0 0.281084330842816 0.137368777719259 -0.001255724366288 -8.04902030228344 1
bb_par.r8b1_8 0 0.13738893631398 0.281050468612863 0.00104470007979663 8.20838701565401 1
bb_par.l8b1_9 0 0.442710279330801 0.124707827268493 -0.00153895674307728 -9.03065248585331 1
bb_par.r8b1_9 0 0.124725840703857 0.442656496203313 0.00110172926520382 9.1954535012052 1
bb_par.l8b1_10 0 0.534773086226659 0.138571332935763 -0.00169140666039365 -9.72022417487083 1
bb_par.r8b1_10 0 0.138591019682977 0.53470773166025 0.00118392460651335 9.88405096041392 1
bb_par.l8b1_11 0 0.52989627814635 0.182451516450242 -0.00171391889288069 -10.0409816078717 1
bb_par.r8b1_11 0 0.18247707311172 0.529831168843842 0.00129081395243032 10.200816686243 1
bb_par.l8b1_12 0 0.412559329234058 0.282294750158299 -0.0015865815960727 -10.0496757282386 1
bb_par.r8b1_12 0 0.282333890691678 0.41250832836725 0.00144166523455898 10.198164482732 1
bb_par.l8b1_13 0 0.289192087614198 0.417016372546635 -0.00142430524876322 -9.98081456866379 1
bb_par.r8b1_13 0 0.417073806373114 0.289156038122307 0.00160055696927301 10.1159889643952 1
bb_par.l8b1_14 0 0.238587711112592 0.47982722818231 -0.00134441873166369 -9.81638107173055 1
bb_par.r8b1_14 0 0.479892973744215 0.238557643553788 0.00166029854789725 9.94112495820661 1
bb_par.l8b1_15 0 0.233663811662098 0.460167075389909 -0.00132644123565637 -9.46170786215217 1
bb_par.r8b1_15 0 0.460229810562257 0.233634018389704 0.00162580118820003 9.58072322800133 1
bb_par.l8b1_16 0 0.230750388219213 0.437096327977133 0.391290802209593 -9.0677953751783 1
bb_par.r8b1_16 0 0.437155571992325 0.230720638047634 -0.391015243731212 9.18300487625785 1
bb_par.l8b1_17 0 0.227868629284129 0.414625886148641 4.584556032967 -8.67388288820406 1
bb_par.r8b1_17 0 0.414681475211304 0.227839066995125 -4.58430427604704 8.78528652451397 1
bb_par.l8b1_18 0 0.225018526166458 0.392755749904478 12.9098048614926 -8.2799704012302 1
bb_par.r8b1_18 0 0.392807525627907 0.224989305232185 -12.9095769062154 8.38756817277049 1
bb_par.l8b1_19 0 0.222200118541825 0.371485919244601 24.3730255153693 -7.88605791425596 1
bb_par.r8b1_19 0 0.371533812724447 0.222171352758807 -24.3728213617944 7.98984982102662 1
bb_par.l8b1_20 0 0.21941352181874 0.350816394169052 35.8362461692349 -7.4921454272821 1
bb_par.r8b1_20 0 0.350860543267551 0.219385209574997 -35.8360658173622 7.59213146928313 1
bb_par.l8b1_21 0 0.216658735997197 0.330747174677789 47.2994668231116 -7.09823294030786 1
bb_par.r8b1_21 0 0.330787717257177 0.216630875680749 -47.2993102729411 7.19441311753926 1
bb_par.l8b1_22 0 0.213935761077201 0.311278260770854 58.7626874769771 -6.70432045333399 1
bb_par.r8b1_22 0 0.311315334693365 0.21390835107607 -58.762554728509 6.79669476579577 1
bb_par.l8b1_23 0 0.211244597058748 0.292409652448206 70.2259081308538 -6.31040796635975 1
bb_par.r8b1_23 0 0.292443395576078 0.211217635760952 -70.2257991840879 6.3989764140519 1
bb_par.l8b1_24 0 0.208585243941843 0.274141349709884 81.6891287847193 -5.9164954793859 1
bb_par.r8b1_24 0 0.274171899905351 0.208558729735402 -81.6890436396558 6.00125806230841 1
bb_par.l8b1_25 0 0.205957701726482 0.256473352555868 93.1523494385849 -5.52258299241204 1
bb_par.r8b1_25 0 0.256500847681167 0.205931632999418 -93.1522880952236 5.60353971056493 1
bb_par.l8b1_26 0 0.203361970412664 0.239405660986142 104.615570092462 -5.1286705054378 1
bb_par.r8b1_26 0 0.239430238903509 0.203336345552996 -104.615532550802 5.20582135882106 1
bb_par.l8b1_27 0 0.200798050000394 0.22293827500074 116.078790746327 -4.73475801846394 1
bb_par.r8b1_27 0 0.222960073572409 0.200772867396141 -116.07877700637 4.80810300707757 1
bb_par.l8b1_28 0 0.198265940489665 0.207071194599629 127.542011400204 -4.34084553148969 1
bb_par.r8b1_28 0 0.207090351687837 0.198241198528849 -127.542021461949 4.4103846553337 1
bb_par.l8b1_29 0 0.195765641880484 0.19180441978284 139.005232054069 -3.94693304451583 1
bb_par.r8b1_29 0 0.191821073249823 0.195741338951125 -139.005265917517 4.01266630359021 1
bb_par.l8b1_30 0 0.193297154172846 0.177137950550344 150.468452707946 -3.55302055754159 1
bb_par.r8b1_30 0 0.177152238258337 0.193273288662963 -150.468510373096 3.61494795184633 1
bb_par.l8b1_31 0 0.190860477366755 0.163071786902169 161.931673361812 -3.15910807056773 1
bb_par.r8b1_31 0 0.163083846713408 0.190837047664369 -161.931754828664 3.21722960010285 1
bb_par.l8b1_32 0 0.188455611462207 0.149605928838288 173.394894015688 -2.76519558359349 1
bb_par.r8b1_32 0 0.149615898615008 0.188432615955338 -173.394999284243 2.81951124835897 1
bb_par.l8b1_33 0 0.186082537987628 0.136740376358726 184.246832907502 -2.37128309661962 1
bb_par.r8b1_33 0 0.136748380274213 0.186059993535874 -184.246961977752 2.42179289661549 1
bb_par.l8b1_34 0 0.18374116172685 0.12447512946346 191.298126284329 -1.97737060964538 1
bb_par.r8b1_34 0 0.124481226450677 0.183719180405973 -191.298279156236 2.02407454487162 1
bb_par.l8b1_35 0 0.181431469248239 0.112810188152512 193.998755248124 -1.58345812267152 1
bb_par.r8b1_35 0 0.112814441510373 0.181410176565639 -193.998931921633 1.62635619312813 1
bb_par.l8b1_36 0 0.179153511897904 0.10174555242586 193.998770440751 -1.27474674684913 1
bb_par.r8b1_36 0 0.101748069837569 0.179132982014868 -193.998970915824 1.31341814832057 1
bb_par.l8b1_37 0 0.173684821310786 0.0930014133722817 193.998789811067 -1.1425211447237 1
bb_par.r8b1_37 0 0.0930023786342725 0.173665410494096 -193.999004335054 1.17794775180105 1
bb_par.l8b1_38 0 0.156309417919774 0.0911863233571081 193.9988250437 -1.02109590212919 1
bb_par.r8b1_38 0 0.0911858843633706 0.156292426794656 -193.999015886039 1.05319368214385 1
bb_par.l8b1_39 0 0.131483419630341 0.0946458951691603 193.998871725167 -0.906879774552714 1
bb_par.r8b1_39 0 0.0946440213732595 0.131469595435315 -193.999009811705 0.935553908172691 1
bb_par.l8b1_40 0 0.108483799320377 0.0984554463421083 193.998918908192 -0.792981835782787 1
bb_par.r8b1_40 0 0.0984520803019764 0.108472862211867 -193.999002904969 0.818227862483074 1
bb_par.l8b1_41 0 0.0877199634375492 0.102372704348785 193.998966091217 -0.679083897012749 1
bb_par.r8b1_41 0 0.102367790102754 0.0877115891838717 -193.998995998233 0.700901816793342 1
bb_par.l8b1_42 0 0.0691919119818969 0.106397669189182 193.999013274242 -0.565185958242822 1
bb_par.r8b1_42 0 0.106391150775584 0.0691857763513701 -193.998989091497 0.583575771103727 1
bb_par.l8b1_43 0 0.0528996449533843 0.110530340863307 193.999060457267 -0.451288019472784 1
bb_par.r8b1_43 0 0.110522162320475 0.052895423714326 -193.998982184761 0.466249725413995 1
bb_par.l8b1_44 0 0.0388431623520432 0.114770719371153 193.999107640292 -0.337390080702858 1
bb_par.r8b1_44 0 0.114760824737418 0.0388405312727709 -193.998975278025 0.34892367972438 1
bb_par.l8b1_45 0 0.0275688226722434 0.116965701726178 193.9991571989 -0.222843711470829 1
bb_par.r8b1_45 0 0.116868603708315 0.027589159557823 -193.998976629265 0.230759822898459 1
bbcw_int_l1b1 0 0.111111 0.111111 0.000000 9.100000 -66.243652
bbcw_ext_l1b1 0 0.111111 0.111111 0.000000 -9.100000 -66.243652
bbcw_int_l5b1 0 0.111111 0.111111 12.230000 0.000000 -66.243652
bbcw_ext_l5b1 0 0.111111 0.111111 -12.230000 0.000000 -66.243652
NEXT
