  4.3893274240926e+02  ms.11r3.b1         3 -1.6534790054394e-05  1.7184160864032e+02  4.2627619357677e+01  1.0019604034474e+00  5.8884643348271e-01
  4.9238525831273e+02  ms.12r3.b1         3  3.1862948716710e-05  3.9452386341850e+01  1.6642497317995e+02  1.1202692882427e+00  6.9285216827907e-01
  5.4583377421619e+02  ms.13r3.b1         3 -1.6534790054394e-05  1.7451070234435e+02  3.4692242264912e+01  1.2259083074336e+00  8.2413037181626e-01
  5.9928229011967e+02  ms.14r3.b1         3  3.1862948716710e-05  3.3730744749975e+01  1.7871756462989e+02  1.3560562548606e+00  9.3614509133146e-01
  6.5273080602314e+02  ms.15r3.b1         3 -1.6534790054394e-05  1.7315737342132e+02  3.5078170050831e+01  1.4720259390927e+00  1.0613130163258e+00
  7.0617932192661e+02  ms.16r3.b1         3  3.1862948716710e-05  3.2097964922532e+01  1.7381160988412e+02  1.6072035236581e+00  1.1744688545512e+00
  7.5962783783008e+02  ms.17r3.b1         3 -1.6534790054394e-05  1.7452997363590e+02  3.4555554830077e+01  1.7261932760389e+00  1.3031290371047e+00
  8.1307635373355e+02  ms.18r3.b1         3  3.1862948716710e-05  3.3729994339111e+01  1.7831521256815e+02  1.8563337845579e+00  1.4155638182647e+00
  8.6652486963702e+02  ms.19r3.b1         3 -1.6534790054394e-05  1.7313792726775e+02  3.5206309017237e+01  1.9723130105322e+00  1.5406207629944e+00
  9.1997338554049e+02  ms.20r3.b1         3  3.1862948716710e-05  3.2104675486537e+01  1.7428807087423e+02  2.1074819355177e+00  1.6533403700873e+00
  9.7342190144396e+02  ms.21r3.b1         3 -1.6534790054394e-05  1.7454081530232e+02  3.4446098400176e+01  2.2264516793694e+00  1.7820368090820e+00
  1.0229644173474e+03  mo.22r3.b1         4 -5.5030993744873e-07  3.3916731873928e+01  1.7691208619232e+02  2.3377890135093e+00  1.8914631673527e+00
  1.0268704173474e+03  ms.22r3.b1         3  3.1862948716710e-05  3.3807418936402e+01  1.7736947222615e+02  2.3565668056140e+00  1.8949018417427e+00
  1.0803189332509e+03  ms.23r3.b1         3 -1.6534790054394e-05  1.7450827185526e+02  3.3595987410875e+01  2.4716972171653e+00  2.0243691032312e+00
  1.1298614491544e+03  mo.24r3.b1         4 -5.5030993744873e-07  3.0872156127121e+01  1.7475263824893e+02  2.5896127904662e+00  2.1362698424709e+00
  1.1337674491544e+03  ms.24r3.b1         3  3.1862948716710e-05  3.0769362757732e+01  1.7538285113105e+02  2.6102535073019e+00  2.1397492438709e+00
  1.1833099650578e+03  mo.25r3.b1         4 -5.5030993744873e-07  1.7420816616876e+02  3.4480954294751e+01  2.7285379967047e+00  2.2496784714458e+00
  1.1872159650578e+03  ms.25r3.b1         3 -1.6534790054394e-05  1.7512465376241e+02  3.4415410764526e+01  2.7320238402188e+00  2.2681434626228e+00
  1.2367584809613e+03  mo.26r3.b1         4 -5.5030993744873e-07  3.3928955695475e+01  1.7726070390129e+02  2.8431138056398e+00  2.3774994475195e+00
  1.2406644809613e+03  ms.26r3.b1         3  3.1862948716710e-05  3.3792985803405e+01  1.7772871867724e+02  2.8618922310883e+00  2.3809312649118e+00
  1.2941129968648e+03  ms.27r3.b1         3 -1.6534790054394e-05  1.7392481436581e+02  3.3633482260386e+01  2.9772884258509e+00  2.5101347354588e+00
  1.3475615127682e+03  ms.28r3.b1         3  3.1862948716710e-05  3.0793364316357e+01  1.7503717072192e+02  3.1160878488412e+00  2.6255754432196e+00
  1.3971040286717e+03  mo.29r3.b1         4 -5.5030993744873e-07  1.7478079233867e+02  3.4429498695342e+01  3.2340758840718e+00  2.7357329951833e+00
  1.4505525445752e+03  mo.30r3.b1         4 -5.5030993744873e-07  3.3929932363415e+01  1.7757266991679e+02  3.3484213012144e+00  2.8635318295073e+00
  1.4544585445752e+03  ms.30r3.b1         3  3.1862948716710e-05  3.3767829551382e+01  1.7805209897813e+02  3.3672064773354e+00  2.8669575142388e+00
  1.5040010604787e+03  mo.31r3.b1         4 -5.5030993744873e-07  1.7316492515222e+02  3.3870083432558e+01  3.4793728033201e+00  2.9770691511674e+00
  1.5079070604787e+03  ms.31r3.b1         3 -1.6534790054394e-05  1.7335539836247e+02  3.3675033821360e+01  3.4828869324850e+00  2.9959053248691e+00
  1.5613555763821e+03  ms.32r3.b1         3  3.1862948716710e-05  3.0815821742051e+01  1.7474227961933e+02  3.6219281738631e+00  3.1113777897504e+00
  1.6108980922856e+03  mo.33r3.b1         4 -5.5030993744873e-07  1.7535694103805e+02  3.4362594122005e+01  3.7396238617604e+00  3.2217752466548e+00
  1.6643466081891e+03  mo.34r3.b1         4 -5.5030993744873e-07  3.3930368164982e+01  1.7782490974643e+02  3.8537397413946e+00  3.3496174199372e+00
  1.6682526081891e+03  ms.34l4.b1         3  3.1862948716710e-05  3.3742050098307e+01  1.7831937902599e+02  3.8725320073907e+00  3.3530381074464e+00
  1.7177951240926e+03  mo.33l4.b1         4 -5.5030993744873e-07  1.7259161329481e+02  3.3941665270785e+01  3.9849749443487e+00  3.4629120330330e+00
  1.7712436399960e+03  mo.32l4.b1         4 -5.5030993744873e-07  3.0872663640696e+01  1.7391133301623e+02  4.1071412817137e+00  3.5936584182339e+00
  1.7751496399960e+03  ms.32l4.b1         3  3.1862948716710e-05  3.0848610876424e+01  1.7450136558819e+02  4.1277551640055e+00  3.5971550287654e+00
  1.8246921558995e+03  mo.31l4.b1         4 -5.5030993744873e-07  1.7592124355721e+02  3.4294842764617e+01  4.2451410442647e+00  3.7077746767549e+00
  1.8285981558995e+03  ms.31l4.b1         3 -1.6534790054394e-05  1.7683197564173e+02  3.4267111551341e+01  4.2485930820258e+00  3.7263301317186e+00
  1.8781406718030e+03  mo.30l4.b1         4 -5.5030993744873e-07  3.3922339990913e+01  1.7801966412283e+02  4.3590509637954e+00  3.8356891161475e+00
  1.8820466718030e+03  ms.30l4.b1         3  3.1862948716710e-05  3.3708452175774e+01  1.7852927208267e+02  4.3778548699024e+00  3.8391059207960e+00
  1.9315891877064e+03  mo.29l4.b1         4 -5.5030993744873e-07  1.7203392788001e+02  3.4010820601740e+01  4.4905858028774e+00  3.9487690336933e+00
  1.9850377036099e+03  mo.28l4.b1         4 -5.5030993744873e-07  3.0884657391472e+01  1.7374664017496e+02  4.6129711527839e+00  4.0794224072438e+00
  1.9889437036099e+03  ms.28l4.b1         3  3.1862948716710e-05  3.0885850691353e+01  1.7432087826364e+02  4.6335684942664e+00  4.0829224828494e+00
  2.0423922195134e+03  ms.27l4.b1         3 -1.6534790054394e-05  1.7738856987778e+02  3.4195775157297e+01  4.7540786610625e+00  4.2123595970259e+00
  2.0919347354168e+03  mo.26l4.b1         4 -5.5030993744873e-07  3.3901919980800e+01  1.7815350485843e+02  4.8643684946731e+00  4.3218056276016e+00
  2.0958407354168e+03  ms.26l4.b1         3  3.1862948716710e-05  3.3662632142641e+01  1.7868081413292e+02  4.8831909470120e+00  4.3252196995346e+00
  2.1453832513203e+03  mo.25l4.b1         4 -5.5030993744873e-07  1.7147495459308e+02  3.4092737862400e+01  4.9962370757106e+00  4.4346697973634e+00
  2.1492892513203e+03  ms.25l4.b1         3 -1.6534790054394e-05  1.7167750625268e+02  3.3871853128989e+01  4.9997856995200e+00  4.4533891928598e+00
  2.1988317672238e+03  mo.24l4.b1         4 -5.5030993744873e-07  3.0911845413929e+01  1.7364587984641e+02  5.1188058580549e+00  4.5651669801747e+00
  2.2027377672238e+03  ms.24l4.b1         3  3.1862948716710e-05  3.0938202696579e+01  1.7420196754199e+02  5.1393765814467e+00  4.5686692690902e+00
  2.2561862831273e+03  ms.23l4.b1         3 -1.6534790054394e-05  1.7792346381097e+02  3.4124279614449e+01  5.2595336953177e+00  4.6983402290740e+00
  2.3057287990307e+03  mo.22l4.b1         4 -5.5030993744873e-07  3.3875225967122e+01  1.7821666753903e+02  5.3696767687997e+00  4.8078999817912e+00
  2.3096347990307e+03  ms.22l4.b1         3  3.1862948716710e-05  3.3611548742541e+01  1.7876100799383e+02  5.3885210421498e+00  4.8113126828605e+00
  2.3630833149342e+03  ms.21l4.b1         3 -1.6534790054394e-05  1.7147439534674e+02  3.3877046336479e+01  5.5054415198708e+00  4.9392886393738e+00
  2.4165318308377e+03  ms.20l4.b1         3  3.1862948716710e-05  3.2218436988167e+01  1.7309469522368e+02  5.6411656244508e+00  5.0551618641514e+00
  2.4699803467411e+03  ms.19l4.b1         3 -1.6534790054394e-05  1.7621905971596e+02  3.5776051996029e+01  5.7591744334964e+00  5.1813141897345e+00
  2.5234288626446e+03  ms.18l4.b1         3  3.1862948716710e-05  3.3610999311421e+01  1.7994873590783e+02  5.8887989762392e+00  5.2908276008833e+00
  2.5768773785481e+03  ms.17l4.b1         3 -1.6534790054394e-05  1.7145604552017e+02  3.4038743255106e+01  6.0057283064416e+00  5.4178686229206e+00
  2.6303258944515e+03  ms.16l4.b1         3  3.1862948716710e-05  3.2226109168877e+01  1.7201944858967e+02  6.1414406182844e+00  5.5338462783220e+00
  2.6837744103550e+03  ms.15l4.b1         3 -1.6534790054394e-05  1.7622899254812e+02  3.5591718457651e+01  6.2594279456743e+00  5.6609241135170e+00
  2.7372229262585e+03  ms.14l4.b1         3  3.1862948716710e-05  3.3607985165935e+01  1.8088509463784e+02  6.3890553367424e+00  5.7704359687905e+00
  2.7906714421620e+03  ms.13l4.b1         3 -1.6534790054394e-05  1.6970794798000e+02  3.4612284837637e+01  6.5060128488742e+00  5.8964605355415e+00
  2.8441199580654e+03  ms.12l4.b1         3  3.1862948716710e-05  2.5849340750499e+01  1.8020043081682e+02  6.6656734850446e+00  6.0084048196428e+00
  2.8988394739689e+03  ms.11l4.b1         3 -1.6534790054394e-05  1.7778308895492e+02  4.1693988254367e+01  6.7979340152091e+00  6.1287325103340e+00
  3.7707859587874e+03  ms.11r4.b1         3  1.8333887950523e-05  4.4338968368310e+01  9.0549592127572e+01  8.3298782129679e+00  7.2677342116868e+00
  3.8242384746909e+03  ms.12r4.b1         3 -1.1119018794272e-05  9.1779860785803e+01  3.8457488503614e+01  8.4767957699904e+00  7.4672817895318e+00
  3.8776869905943e+03  ms.13r4.b1         3  4.7945543066343e-05  3.7567795996584e+01  3.4498787843792e+02  8.6803471897820e+00  7.5398310888211e+00
  3.9311355064978e+03  ms.14r4.b1         3 -3.3926449280454e-05  3.5483732733212e+02  3.3797042200897e+01  8.7529372541602e+00  7.6267516378151e+00
  3.9845840224013e+03  ms.15r4.b1         3  1.8333887950523e-05  4.4960676500407e+01  9.1204495733356e+01  8.8261580433422e+00  7.8110462094636e+00
  4.0380325383048e+03  ms.16r4.b1         3 -1.1119018794272e-05  9.0158049167320e+01  4.7095105477831e+01  8.9734041109306e+00  7.9744935708106e+00
  4.0914810542082e+03  ms.17r4.b1         3  4.7945543066343e-05  3.7570100531140e+01  3.4498295948965e+02  9.1803251322492e+00  8.0398112194509e+00
  4.1449295701117e+03  ms.18r4.b1         3 -3.3926449280454e-05  3.5480849850211e+02  3.3817174857564e+01  9.2529159328836e+00  8.1267036094023e+00
  4.1983780860152e+03  ms.19r4.b1         3  1.8333887950523e-05  4.4986229316454e+01  9.1183662391536e+01  9.3261175262137e+00  8.3109315401283e+00
  4.2518266019186e+03  ms.20r4.b1         3 -1.1119018794272e-05  9.0189819763988e+01  4.7075616831223e+01  9.4732664362860e+00  8.4744635157735e+00
  4.3052751178221e+03  ms.21r4.b1         3  4.7945543066343e-05  3.7544281849321e+01  3.4501022139161e+02  9.6802822702776e+00  8.5397925911132e+00
  4.3548176337256e+03  mo.22r4.b1         4 -5.5030993744873e-07  3.5212247848982e+02  3.9730075504557e+01  9.7511775976180e+00  8.6093318012693e+00
  4.3587236337256e+03  ms.22r4.b1         3 -3.3926449280454e-05  3.5480626882617e+02  3.3818872977231e+01  9.7529002015538e+00  8.6266787840194e+00
  4.4121721496291e+03  ms.23r4.b1         3  1.8333887950523e-05  4.4984179800773e+01  9.1182169713740e+01  9.8261038366420e+00  8.8109005642799e+00
  4.4617146655325e+03  mo.24r4.b1         4 -5.5030993744873e-07  9.1468991898087e+01  4.1447991344990e+01  9.9665528280417e+00  8.9600547376217e+00
  4.4656206655325e+03  ms.24r4.b1         3 -1.1119018794272e-05  9.0189106266158e+01  4.7073267759974e+01  9.9732583694242e+00  8.9744412499266e+00
  4.5151631814360e+03  mo.25r4.b1         4 -5.5030993744873e-07  3.1705860037256e+01  3.4481550383240e+02  1.0161826139652e+01  9.0380074133373e+00
  4.5190691814360e+03  ms.25r4.b1         3  4.7945543066343e-05  3.7546590314473e+01  3.4500523607240e+02  1.0180260214184e+01  9.0397727235854e+00
  4.5686116973395e+03  mo.26r4.b1         4 -5.5030993744873e-07  3.5209524579067e+02  3.9750415478398e+01  1.0251156144012e+01  9.1092934515239e+00
  4.5725176973395e+03  ms.26r4.b1         3 -3.3926449280454e-05  3.5477737541635e+02  3.3839014555167e+01  1.0252878883812e+01  9.1266307861888e+00
  4.6259662132429e+03  ms.27r4.b1         3  1.8333887950523e-05  4.5009733026313e+01  9.1161425911071e+01  1.0326063347059e+01  9.3107858623729e+00
  4.6755087291464e+03  mo.28r4.b1         4 -5.5030993744873e-07  9.1506514831532e+01  4.1427561846192e+01  1.0466417774267e+01  9.4600181203289e+00
  4.6794147291464e+03  ms.28r4.b1         3 -1.1119018794272e-05  9.0220984970047e+01  4.7053778882859e+01  1.0473120755226e+01  9.4744111783333e+00
  4.7289572450499e+03  mo.29r4.b1         4 -5.5030993744873e-07  3.1681512268219e+01  3.4483945363431e+02  1.0661769815897e+01  9.5379889189067e+00
  4.7328632450499e+03  ms.29r4.b1         3  4.7945543066343e-05  3.7520782827199e+01  3.4503244342048e+02  1.0680217328548e+01  9.5397540939233e+00
  4.7824057609533e+03  mo.30r4.b1         4 -5.5030993744873e-07  3.5208603521649e+02  3.9752866216220e+01  1.0751140382887e+01  9.6092696016166e+00
  4.8358542768568e+03  mo.31r4.b1         4 -5.5030993744873e-07  5.1154922804293e+01  8.9975701353964e+01  1.0812796834697e+01  9.8040357917443e+00
  4.8397602768568e+03  ms.31r4.b1         3  1.8333887950523e-05  4.5024055856870e+01  9.1157047691166e+01  1.0826035349072e+01  9.8107607459245e+00
  4.8893027927603e+03  mo.32r4.b1         4 -5.5030993744873e-07  9.1524022290113e+01  4.1426778241462e+01  1.0966340561515e+01  9.9600002625917e+00
  4.8932087927603e+03  ms.32r4.b1         3 -1.1119018794272e-05  9.0235425329951e+01  4.7053371539187e+01  1.0973042363747e+01  9.9743935182930e+00
  4.9427513086638e+03  mo.33r4.b1         4 -5.5030993744873e-07  3.1670613898147e+01  3.4484581682686e+02  1.1161727523184e+01  1.0037970929788e+01
  4.9466573086637e+03  ms.33r4.b1         3  4.7945543066343e-05  3.7509478414190e+01  3.4504072797617e+02  1.1180181061885e+01  1.0039736071648e+01
  4.9961998245672e+03  mo.34r4.b1         4 -5.5030993744873e-07  3.5205502189495e+02  3.9773566664003e+01  1.1251118920383e+01  1.0109231350210e+01
  5.0496483404707e+03  mo.33l5.b1         4 -5.5030993744873e-07  5.1163019050044e+01  8.9963029397445e+01  1.1312773093946e+01  1.0303914057122e+01
  5.0535543404707e+03  ms.33l5.b1         3  1.8333887950523e-05  4.5033229956811e+01  9.1139303138582e+01  1.1326009207195e+01  1.0310640140438e+01
  5.1030968563742e+03  mo.32l5.b1         4 -5.5030993744873e-07  9.1543074846082e+01  4.1404769186860e+01  1.1466274654151e+01  1.0459958432543e+01
  5.1565453722776e+03  mo.31l5.b1         4 -5.5030993744873e-07  3.1660015665763e+01  3.4485317084740e+02  1.1661689354879e+01  1.0537950825007e+01
  5.1604513722776e+03  ms.31l5.b1         3  4.7945543066343e-05  3.7497741769091e+01  3.4505142124846e+02  1.1680148851744e+01  1.0539715916372e+01
  5.2099938881811e+03  mo.30l5.b1         4 -5.5030993744873e-07  3.5204658785400e+02  3.9775173235699e+01  1.1751099520886e+01  1.0609208543932e+01
  5.2138998881811e+03  ms.30l5.b1         3 -3.3926449280454e-05  3.5474072579907e+02  3.3862166860797e+01  1.1752822469643e+01  1.0626534520058e+01
  5.2634424040846e+03  mo.29l5.b1         4 -5.5030993744873e-07  5.1159838813904e+01  8.9962952691488e+01  1.1812756160979e+01  1.0803884461121e+01
  5.2673484040846e+03  ms.29l5.b1         3  1.8333887950523e-05  4.5030137704863e+01  9.1138851325424e+01  1.1825993141752e+01  1.0810610563816e+01
  5.3168909199880e+03  mo.28l5.b1         4 -5.5030993744873e-07  9.1541798907929e+01  4.1402484609941e+01  1.1966266562298e+01  1.0959935383811e+01
  5.3742454358915e+03  ms.27l5.b1         3  4.7945543066343e-05  3.7499590080505e+01  3.4504943345450e+02  1.2180130267997e+01  1.1039695737395e+01
  5.4237879517950e+03  mo.26l5.b1         4 -5.5030993744873e-07  3.5202207712568e+02  3.9796004363692e+01  1.2251081710488e+01  1.1109169137602e+01
  5.4276939517950e+03  ms.26l5.b1         3 -3.3926449280454e-05  3.5471474246449e+02  3.3882713367603e+01  1.2252804781432e+01  1.1126485277901e+01
  5.4772364676985e+03  mo.25l5.b1         4 -5.5030993744873e-07  5.1185034753431e+01  8.9946347734125e+01  1.2312725285100e+01  1.1303766871827e+01
  5.4811424676985e+03  ms.25l5.b1         3  1.8333887950523e-05  4.5056727435291e+01  9.1117294982953e+01  1.2325955085855e+01  1.1310494392013e+01
  5.5306849836019e+03  mo.24l5.b1         4 -5.5030993744873e-07  9.1579740368640e+01  4.1381978196361e+01  1.2466131583175e+01  1.1459898714165e+01
  5.5345909836019e+03  ms.24l5.b1         3 -1.1119018794272e-05  9.0283674113012e+01  4.7010083244461e+01  1.2472829554240e+01  1.1474306428511e+01
  5.5880394995054e+03  ms.23l5.b1         3  4.7945543066343e-05  3.7473793225072e+01  3.4507653770650e+02  1.2680087316578e+01  1.1539677106843e+01
  5.6375820154089e+03  mo.22l5.b1         4 -5.5030993744873e-07  3.5201276459983e+02  3.9798447824503e+01  1.2751065941149e+01  1.1609145311730e+01
  5.6414880154089e+03  ms.22l5.b1         3 -3.3926449280454e-05  3.5471236112920e+02  3.3884407051840e+01  1.2752789041576e+01  1.1626460493003e+01
  5.6949365313123e+03  ms.21l5.b1         3  1.8333887950523e-05  4.5054646530515e+01  9.1115874949806e+01  1.2825941427590e+01  1.1810463378530e+01
  5.7483850472158e+03  ms.20l5.b1         3 -1.1119018794272e-05  9.0282966573010e+01  4.7007710651646e+01  1.2972821556863e+01  1.1974284130914e+01
  5.8018335631193e+03  ms.19l5.b1         3  4.7945543066343e-05  3.7476096068489e+01  3.4507136004647e+02  1.3180065234257e+01  1.2039657248079e+01
  5.8552820790228e+03  ms.18l5.b1         3 -3.3926449280454e-05  3.5468327169616e+02  3.3904569696554e+01  1.3252767722460e+01  1.2126412596863e+01
  5.9087305949262e+03  ms.17l5.b1         3  1.8333887950523e-05  4.5080229035955e+01  9.1095401421179e+01  1.3325900984209e+01  1.2310348616809e+01
  5.9621791108297e+03  ms.16l5.b1         3 -1.1119018794272e-05  9.0315196238796e+01  4.6988229493252e+01  1.3472683991647e+01  1.2474254020940e+01
  6.0156276267332e+03  ms.15l5.b1         3  4.7945543066343e-05  3.7450298590743e+01  3.4509841665202e+02  1.3680022240559e+01  1.2539638618341e+01
  6.0690761426366e+03  ms.14l5.b1         3 -3.3926449280454e-05  3.5468083702663e+02  3.3906261403706e+01  1.3752751975884e+01  1.2626387827066e+01
  6.1225246585401e+03  ms.13l5.b1         3  1.8333887950523e-05  4.4979216799800e+01  9.1273478318315e+01  1.3825901892687e+01  1.2810310974111e+01
  6.1759731744436e+03  ms.12l5.b1         3 -1.1119018794272e-05  8.9514650905123e+01  4.7784084802550e+01  1.3974181796231e+01  1.2971416437422e+01
  6.2306926903470e+03  ms.11l5.b1         3  4.7945543066343e-05  4.2369169617463e+01  3.2755150953558e+02  1.4180616436841e+01  1.3037168683757e+01
  7.1035090901023e+03  ms.11r5.b1         3 -3.1420287031072e-05  3.6710377073867e+02  3.1724213493496e+01  1.6250490754500e+01  1.5110485582437e+01
  7.1569645741989e+03  ms.12r5.b1         3  1.8333887950523e-05  4.2266195219277e+01  9.1378342398510e+01  1.6325028935933e+01  1.5306091618811e+01
  7.2104160582954e+03  ms.13r5.b1         3 -1.1119018794272e-05  8.7267124780648e+01  4.7909125596252e+01  1.6483100245635e+01  1.5466975509222e+01
  7.2638675423919e+03  ms.14r5.b1         3  5.9267153895228e-05  4.0623158224661e+01  3.4490774781739e+02  1.6678603980900e+01  1.5531713885390e+01
  7.3173190264885e+03  ms.15r5.b1         3 -3.1420287031072e-05  3.5727718208699e+02  3.3082467763494e+01  1.6747963511796e+01  1.5619692523257e+01
  7.3707705105850e+03  ms.16r5.b1         3  1.8333887950523e-05  4.1803803650722e+01  9.1863329583517e+01  1.6823843833614e+01  1.5806641961731e+01
  7.4242219946815e+03  ms.17r5.b1         3 -1.1119018794272e-05  8.7261681330081e+01  4.7907349845202e+01  1.6983159641103e+01  1.5966975495410e+01
  7.4776734787781e+03  ms.18r5.b1         3  5.9267153895228e-05  4.0634327479974e+01  3.4489810145197e+02  1.7178617318200e+01  1.6031716311168e+01
  7.5311249628746e+03  ms.19r5.b1         3 -3.1420287031072e-05  3.5727267684475e+02  3.3086055521612e+01  1.7247967094686e+01  1.6119690951319e+01
  7.5845764469711e+03  ms.20r5.b1         3  1.8333887950523e-05  4.1819079187331e+01  9.1856959890077e+01  1.7323832921927e+01  1.6306632960856e+01
  7.6380279310676e+03  ms.21r5.b1         3 -1.1119018794272e-05  8.7267680540133e+01  4.7908140225437e+01  1.7483094853163e+01  1.6466973174495e+01
  7.6875734151642e+03  mo.22r5.b1         4 -5.5030993744873e-07  3.4651586261161e+01  3.4490940078261e+02  1.7661655300925e+01  1.6529946825444e+01
  7.6914794151642e+03  ms.22r5.b1         3  5.9267153895228e-05  4.0622309583724e+01  3.4490894355988e+02  1.7678601830722e+01  1.6531712136890e+01
  7.7449308992607e+03  ms.23r5.b1         3 -3.1420287031072e-05  3.5727662079308e+02  3.3083452612114e+01  1.7747962193968e+01  1.6619689143062e+01
  7.7944763833572e+03  mo.24r5.b1         4 -5.5030993744873e-07  4.8067012574232e+01  9.0486590597168e+01  1.7809666101055e+01  1.6799955265120e+01
  7.7983823833572e+03  ms.24r5.b1         3  1.8333887950523e-05  4.1804651234134e+01  9.1862133118889e+01  1.7823841746953e+01  1.6806635396177e+01
  7.8479278674538e+03  mo.25r5.b1         4 -5.5030993744873e-07  8.7827850098942e+01  4.2297684305710e+01  1.7976197146368e+01  1.6952856968845e+01
  7.8518338674538e+03  ms.25r5.b1         3 -1.1119018794272e-05  8.7262234535305e+01  4.7906365689298e+01  1.7983154248297e+01  1.6966973159063e+01
  7.9013793515503e+03  mo.26r5.b1         4 -5.5030993744873e-07  3.4662377270619e+01  3.4489750656501e+02  1.8161673577941e+01  1.7029949187601e+01
  7.9052853515503e+03  ms.26r5.b1         3  5.9267153895228e-05  4.0633478055557e+01  3.4489930380063e+02  1.8178615174172e+01  1.7031714559568e+01
  7.9587368356468e+03  ms.27r5.b1         3 -3.1420287031072e-05  3.5727212244657e+02  3.3087039840049e+01  1.8247965782661e+01  1.7119687568114e+01
  8.0082823197434e+03  mo.28r5.b1         4 -5.5030993744873e-07  4.8081956890785e+01  9.0480969524320e+01  1.8309659997907e+01  1.7299945826516e+01
  8.0121883197433e+03  ms.28r5.b1         3  1.8333887950523e-05  4.1819928268571e+01  9.1855763145145e+01  1.8323830839281e+01  1.7306626397128e+01
  8.0617338038399e+03  mo.29r5.b1         4 -5.5030993744873e-07  8.7837175661936e+01  4.2297849970040e+01  1.8476132968714e+01  1.7452854789904e+01
  8.1151852879364e+03  mo.30r5.b1         4 -5.5030993744873e-07  3.4649953641385e+01  3.4491438500598e+02  1.8661656661124e+01  1.7529944692036e+01
  8.1190912879364e+03  ms.30r5.b1         3  5.9267153895228e-05  4.0620692712790e+01  3.4491425741621e+02  1.8678603930229e+01  1.7531709977127e+01
  8.1686367720329e+03  mo.31r5.b1         4 -5.5030993744873e-07  3.5530868619682e+02  3.8980324728439e+01  1.8746256695864e+01  1.7601976336242e+01
  8.1725427720329e+03  ms.31r5.b1         3 -3.1420287031072e-05  3.5727809191399e+02  3.3084950211006e+01  1.8747965615747e+01  1.7619684004908e+01
  8.2220882561295e+03  mo.32r5.b1         4 -5.5030993744873e-07  4.8069013861340e+01  9.0484351950433e+01  1.8809668036062e+01  1.7799946640799e+01
  8.2259942561295e+03  ms.32r5.b1         3  1.8333887950523e-05  4.1806635325612e+01  9.1859573412766e+01  1.8823843048814e+01  1.7806626947667e+01
  8.2755397402260e+03  mo.33r5.b1         4 -5.5030993744873e-07  8.7828813554235e+01  4.2296522178871e+01  1.8976191845450e+01  1.7952854288837e+01
  8.3289912243225e+03  mo.34r5.b1         4 -5.5030993744873e-07  3.4661560872645e+01  3.4489846810053e+02  1.9161671070358e+01  1.8029947437816e+01
  8.3328972243225e+03  ms.34l6.b1         3  5.9267153895228e-05  4.0632634820190e+01  3.4490050700747e+02  1.9178613043320e+01  1.8031712804243e+01
  8.3824427084191e+03  mo.33l6.b1         4 -5.5030993744873e-07  3.5530559183313e+02  3.8983104660144e+01  1.9246255534804e+01  1.8101977980684e+01
  8.4358941925156e+03  mo.32l6.b1         4 -5.5030993744873e-07  4.8068887863277e+01  9.0482655457912e+01  1.9309667559191e+01  1.8299934140266e+01
  8.4398001925156e+03  ms.32l6.b1         3  1.8333887950523e-05  4.1806697666274e+01  9.1857046095759e+01  1.9323842580340e+01  1.8306614601922e+01
  8.4893456766121e+03  mo.31l6.b1         4 -5.5030993744873e-07  8.7828059573736e+01  4.2295399861792e+01  1.9476192178541e+01  1.8452847577307e+01
  8.4932516766121e+03  ms.31l6.b1         3 -1.1119018794272e-05  8.7262054895927e+01  4.7904437595180e+01  1.9483149279960e+01  1.8466964435844e+01
  8.5427971607086e+03  mo.30l6.b1         4 -5.5030993744873e-07  3.4662613977054e+01  3.4489943742484e+02  1.9661667822007e+01  1.8529941616190e+01
  8.5467031607086e+03  ms.30l6.b1         3  5.9267153895228e-05  4.0633476122628e+01  3.4489959542719e+02  1.9678609308461e+01  1.8531706977059e+01
  8.5962486448052e+03  mo.29l6.b1         4 -5.5030993744873e-07  3.5530949450601e+02  3.8980411713046e+01  1.9746250658639e+01  1.8601974851030e+01
  8.6497001289017e+03  mo.28l6.b1         4 -5.5030993744873e-07  4.8068641200826e+01  9.0484680729174e+01  1.9809662486982e+01  1.8799941968441e+01
  8.6536061289017e+03  ms.28l6.b1         3  1.8333887950523e-05  4.1806333452347e+01  9.1859739916128e+01  1.9823837606139e+01  1.8806622257108e+01
  8.7070576129982e+03  ms.27l6.b1         3 -1.1119018794272e-05  8.7263326835368e+01  4.7904397632896e+01  1.9983143555564e+01  1.8966968478049e+01
  8.7566030970948e+03  mo.26l6.b1         4 -5.5030993744873e-07  3.4660750933575e+01  3.4489941736051e+02  2.0161668565628e+01  1.9029945688060e+01
  8.7605090970948e+03  ms.26l6.b1         3  5.9267153895228e-05  4.0631798047945e+01  3.4490169786003e+02  2.0178610912402e+01  1.9031711049009e+01
  8.8100545811913e+03  mo.25l6.b1         4 -5.5030993744873e-07  3.5530485441428e+02  3.8984139880030e+01  2.0246254220357e+01  1.9101975096908e+01
  8.8139605811913e+03  ms.25l6.b1         3 -3.1420287031072e-05  3.5727103439839e+02  3.3089008226001e+01  2.0247963165517e+01  1.9119680796678e+01
  8.8635060652878e+03  mo.24l6.b1         4 -5.5030993744873e-07  4.8083577651130e+01  9.0479063307960e+01  2.0309656384523e+01  1.9299932530468e+01
  8.8674120652878e+03  ms.24l6.b1         3  1.8333887950523e-05  4.1821602707057e+01  9.1853373650163e+01  2.0323826702000e+01  1.9306613258441e+01
  8.9208635493844e+03  ms.23l6.b1         3 -1.1119018794272e-05  8.7269327592627e+01  4.7905188791052e+01  2.0483078801856e+01  1.9466966153985e+01
  8.9704090334809e+03  mo.22l6.b1         4 -5.5030993744873e-07  3.4649144853380e+01  3.4491226591975e+02  2.0661647772820e+01  1.9529941576684e+01
  8.9743150334809e+03  ms.22l6.b1         3  5.9267153895228e-05  4.0619787239122e+01  3.4491253346139e+02  2.0678595430075e+01  1.9531706871610e+01
  9.0277665175774e+03  ms.21l6.b1         3 -3.1420287031072e-05  3.5727497799991e+02  3.3086405235645e+01  2.0747958264763e+01  1.9619678985657e+01
  9.0812180016739e+03  ms.20l6.b1         3  1.8333887950523e-05  4.1807174589423e+01  9.1858545682384e+01  2.0823835525946e+01  1.9806615690947e+01
  9.1346694857705e+03  ms.19l6.b1         3 -1.1119018794272e-05  8.7263877918981e+01  4.7903412904281e+01  2.0983138192412e+01  1.9966966140168e+01
  9.1881209698670e+03  ms.18l6.b1         3  5.9267153895228e-05  4.0630955194667e+01  3.4490288922231e+02  2.1178608768146e+01  2.0031709297464e+01
  9.2415724539635e+03  ms.17l6.b1         3 -3.1420287031072e-05  3.5727047545749e+02  3.3089992613963e+01  2.1247961847953e+01  2.0119677415033e+01
  9.2950239380601e+03  ms.16l6.b1         3  1.8333887950523e-05  4.1822450425755e+01  9.1852178356407e+01  2.1323824615854e+01  2.0306606693492e+01
  9.3484754221566e+03  ms.15l6.b1         3 -1.1119018794272e-05  8.7269883837978e+01  4.7904203966944e+01  2.1483073409292e+01  2.0466963819483e+01
  9.4019269062531e+03  ms.14l6.b1         3  5.9267153895228e-05  4.0618938585081e+01  3.4491372839551e+02  2.1678593279722e+01  2.0531705123133e+01
  9.4553783903496e+03  ms.13l6.b1         3 -3.1420287031072e-05  3.5782932058094e+02  3.3029501781536e+01  2.1747955621660e+01  2.0619691176609e+01
  9.5088298744462e+03  ms.12l6.b1         3  1.8333887950523e-05  4.4860876703458e+01  9.0551011662952e+01  2.1821305187117e+01  2.0807808811347e+01
  9.5635523585427e+03  ms.11l6.b1         3 -1.1119018794272e-05  8.9457739717521e+01  4.7927423071688e+01  2.1966415979056e+01  2.0986978238213e+01
  1.0435514673724e+04  ms.11r6.b1         3  3.1862948716710e-05  3.1490081345744e+01  1.8446654657808e+02  2.3666687710924e+01  2.2431553937235e+01
  1.0488970157821e+04  ms.12r6.b1         3 -1.6534790054394e-05  1.7278394272585e+02  3.4019838266767e+01  2.3787514331051e+01  2.2557024572482e+01
  1.0542421641917e+04  ms.13r6.b1         3  3.1862948716710e-05  3.0550902646042e+01  1.7156278523884e+02  2.3927641339279e+01  2.2673134189846e+01
  1.0595873126014e+04  ms.14r6.b1         3 -1.6534790054394e-05  1.7863193952414e+02  3.1767913836058e+01  2.4048289958603e+01  2.2810695711047e+01
  1.0649324610110e+04  ms.15r6.b1         3  3.1862948716710e-05  3.2197601619174e+01  1.8218867351053e+02  2.4181095558765e+01  2.2926940360280e+01
  1.0702776094207e+04  ms.16r6.b1         3 -1.6534790054394e-05  1.7689184173936e+02  2.9135682384163e+01  2.4298589954877e+01  2.3067002986334e+01
  1.0756227578303e+04  ms.17r6.b1         3  3.1862948716710e-05  3.0584388853823e+01  1.7335145974215e+02  2.4436959124997e+01  2.3193602913333e+01
  1.0809679062400e+04  ms.18r6.b1         3 -1.6534790054394e-05  1.7916440558340e+02  3.1925629508102e+01  2.4557301558521e+01  2.3329748340132e+01
  1.0863130546496e+04  ms.19r6.b1         3  3.1862948716710e-05  3.2164374832462e+01  1.8025544127542e+02  2.4689936636981e+01  2.3446401351256e+01
  1.0916582030593e+04  ms.20r6.b1         3 -1.6534790054394e-05  1.7636814113945e+02  2.9020813443652e+01  2.4807721013319e+01  2.3587884127168e+01
  1.0970033514689e+04  ms.21r6.b1         3  3.1862948716710e-05  3.0615842857524e+01  1.7540442370712e+02  2.4946272836624e+01  2.3713851366234e+01
  1.1019578998786e+04  mo.22r6.b1         4 -5.5030993744873e-07  1.7909617470245e+02  3.1997108546686e+01  2.5062925141047e+01  2.3828858514122e+01
  1.1023484998786e+04  ms.22r6.b1         3 -1.6534790054394e-05  1.8002427153252e+02  3.1926469705370e+01  2.5066315702975e+01  2.3848768728802e+01
  1.1076936482883e+04  ms.23r6.b1         3  3.1862948716710e-05  3.3467084783477e+01  1.7717089833710e+02  2.5194970132816e+01  2.3966829019367e+01
  1.1126481966979e+04  mo.24r6.b1         4 -5.5030993744873e-07  1.7417178725279e+02  3.0709694420897e+01  2.5307357963595e+01  2.4084045086023e+01
  1.1130387966979e+04  ms.24r6.b1         3 -1.6534790054394e-05  1.7437224203213e+02  3.0569076182000e+01  2.5310851415661e+01  2.4104819482220e+01
  1.1179933451076e+04  mo.25r6.b1         4 -5.5030993744873e-07  3.0635895271329e+01  1.7527202235482e+02  2.5429394147683e+01  2.4223151981202e+01
  1.1183839451076e+04  ms.25r6.b1         3  3.1862948716710e-05  3.0652540056228e+01  1.7600161729376e+02  2.5450169506407e+01  2.4226617562124e+01
  1.1233384935172e+04  mo.26r6.b1         4 -5.5030993744873e-07  1.7947832539933e+02  3.2032330063018e+01  2.5566583653891e+01  2.4341309671153e+01
  1.1237290935172e+04  ms.26r6.b1         3 -1.6534790054394e-05  1.8040056231061e+02  3.1934539764641e+01  2.5569967069050e+01  2.4361206351920e+01
  1.1290742419269e+04  ms.27r6.b1         3  3.1862948716710e-05  3.3433595265444e+01  1.7656062602003e+02  2.5698530921705e+01  2.4479500114008e+01
  1.1340287903365e+04  mo.28r6.b1         4 -5.5030993744873e-07  1.7379513662742e+02  3.0681015597456e+01  2.5811133921379e+01  2.4597033180541e+01
  1.1344193903365e+04  ms.28r6.b1         3 -1.6534790054394e-05  1.7400069100320e+02  3.0568138609466e+01  2.5814634890467e+01  2.4617817662496e+01
  1.1393739387462e+04  mo.29r6.b1         4 -5.5030993744873e-07  3.0646982419743e+01  1.7589154547983e+02  2.5933307681942e+01  2.4735894628811e+01
  1.1397645387462e+04  ms.29r6.b1         3  3.1862948716710e-05  3.0680409367753e+01  1.7662559759755e+02  2.5954069765476e+01  2.4739347982165e+01
  1.1447190871558e+04  mo.30r6.b1         4 -5.5030993744873e-07  1.7986073173612e+02  3.2045810020958e+01  2.6070267283875e+01  2.4853763851026e+01
  1.1500642355655e+04  mo.31r6.b1         4 -5.5030993744873e-07  3.3675186964855e+01  1.7554166340618e+02  2.6183137633284e+01  2.4988783043761e+01
  1.1504548355655e+04  ms.31r6.b1         3  3.1862948716710e-05  3.3402172539286e+01  1.7594017422823e+02  2.6202111239433e+01  2.4992246566757e+01
  1.1554093839751e+04  mo.32r6.b1         4 -5.5030993744873e-07  1.7341485444152e+02  3.0678231664084e+01  2.6314927593985e+01  2.5110041649723e+01
  1.1557999839751e+04  ms.32r6.b1         3 -1.6534790054394e-05  1.7362495176365e+02  3.0593296152620e+01  2.6318436190710e+01  2.5130818480670e+01
  1.1607545323848e+04  mo.33r6.b1         4 -5.5030993744873e-07  3.0670485095497e+01  1.7649928294615e+02  2.6437211577349e+01  2.5248584470490e+01
  1.1611451323848e+04  ms.33r6.b1         3  3.1862948716710e-05  3.0720806445989e+01  1.7723140148119e+02  2.6457951935956e+01  2.5252025975305e+01
  1.1660996807944e+04  mo.34r6.b1         4 -5.5030993744873e-07  1.8023025312729e+02  3.2046363318302e+01  2.6573909905221e+01  2.5366202558753e+01
  1.1714448292041e+04  mo.33l7.b1         4 -5.5030993744873e-07  3.3649349155656e+01  1.7494112857512e+02  2.6686692567800e+01  2.5501530192068e+01
  1.1718354292041e+04  ms.33l7.b1         3  3.1862948716710e-05  3.3359926343341e+01  1.7534188942712e+02  2.6705685553392e+01  2.5505005568763e+01
  1.1767899776137e+04  mo.32l7.b1         4 -5.5030993744873e-07  1.7304986945884e+02  3.0684378710817e+01  2.6818732382327e+01  2.5623034003240e+01
  1.1821351260234e+04  mo.31l7.b1         4 -5.5030993744873e-07  3.0694118382129e+01  1.7709623842788e+02  2.6941118831102e+01  2.5761240266131e+01
  1.1825257260234e+04  ms.31l7.b1         3  3.1862948716710e-05  3.0760526274155e+01  1.7782428349119e+02  2.6961837687790e+01  2.5764670230992e+01
  1.1874802744330e+04  mo.30l7.b1         4 -5.5030993744873e-07  1.8059699425330e+02  3.2024937490279e+01  2.7077559900278e+01  2.5878661599020e+01
  1.1878708744330e+04  ms.30l7.b1         3 -1.6534790054394e-05  1.8150211661005e+02  3.1845069543096e+01  2.7080922566123e+01  2.5898588667985e+01
  1.1928254228427e+04  mo.29l7.b1         4 -5.5030993744873e-07  3.3622090170456e+01  1.7435899477511e+02  2.7190259034873e+01  2.6014353052411e+01
  1.1932160228427e+04  ms.29l7.b1         3  3.1862948716710e-05  3.3316477158862e+01  1.7476775183112e+02  2.7209272211253e+01  2.6017839943214e+01
  1.1981705712524e+04  mo.28l7.b1         4 -5.5030993744873e-07  1.7268369035764e+02  3.0716558976533e+01  2.7322553560263e+01  2.6136031213023e+01
  1.2039063196620e+04  ms.27l7.b1         3  3.1862948716710e-05  3.0805271435111e+01  1.7837579360933e+02  2.7465725471482e+01  2.6277261382699e+01
  1.2088608680717e+04  mo.26l7.b1         4 -5.5030993744873e-07  1.8095094367395e+02  3.1991134454862e+01  2.7581206510773e+01  2.6391111537028e+01
  1.2092514680717e+04  ms.26l7.b1         3 -1.6534790054394e-05  1.8184809727042e+02  3.1786685724231e+01  2.7584562688245e+01  2.6411067586055e+01
  1.2142060164813e+04  mo.25l7.b1         4 -5.5030993744873e-07  3.3595931324552e+01  1.7381508792672e+02  2.7693825687390e+01  2.6527184072584e+01
  1.2145966164813e+04  ms.25l7.b1         3  3.1862948716710e-05  3.3274719216340e+01  1.7423425756376e+02  2.7712858275964e+01  2.6530681756831e+01
  1.2195511648910e+04  mo.24l7.b1         4 -5.5030993744873e-07  1.7233847110068e+02  3.0756048369974e+01  2.7826363399890e+01  2.6649002601796e+01
  1.2199417648910e+04  ms.24l7.b1         3 -1.6534790054394e-05  1.7257073040534e+02  3.0747418533444e+01  2.7829893674378e+01  2.6669700617311e+01
  1.2252869133006e+04  ms.23l7.b1         3  3.1862948716710e-05  3.0844801131037e+01  1.7888980992550e+02  2.7969606787373e+01  2.6789827534147e+01
  1.2302414617103e+04  mo.22l7.b1         4 -5.5030993744873e-07  1.8130050195504e+02  3.1937205612194e+01  2.8084861408603e+01  2.6903595429461e+01
  1.2306320617103e+04  ms.22l7.b1         3 -1.6534790054394e-05  1.8219093354459e+02  3.1709991445395e+01  2.8088211191663e+01  2.6923592674078e+01
  1.2359772101199e+04  ms.21l7.b1         3  3.1862948716710e-05  3.3309290381205e+01  1.7335754994675e+02  2.8216439464248e+01  2.7043596415677e+01
  1.2413223585296e+04  ms.20l7.b1         3 -1.6534790054394e-05  1.7363334488187e+02  2.9375966838687e+01  2.8332830047048e+01  2.7187757645471e+01
  1.2466675069392e+04  ms.19l7.b1         3  3.1862948716710e-05  2.9632568992245e+01  1.8208057358538e+02  2.8476078506424e+01  2.7309832907044e+01
  1.2520126553489e+04  ms.18l7.b1         3 -1.6534790054394e-05  1.8343663950280e+02  3.1493038883533e+01  2.8597027431589e+01  2.7442793572709e+01
  1.2573578037585e+04  ms.17l7.b1         3  3.1862948716710e-05  3.3186370481986e+01  1.7168193944585e+02  2.8724997687706e+01  2.7564045864446e+01
  1.2627029521682e+04  ms.16l7.b1         3 -1.6534790054394e-05  1.7242159586466e+02  2.9623637759025e+01  2.8842156026173e+01  2.7708340874855e+01
  1.2680481005778e+04  ms.15l7.b1         3  3.1862948716710e-05  2.9759417131794e+01  1.8360630114141e+02  2.8985678933823e+01  2.7829142330814e+01
  1.2733932489875e+04  ms.14l7.b1         3 -1.6534790054394e-05  1.8462415724710e+02  3.1209726631095e+01  2.9105820906189e+01  2.7962163891773e+01
  1.2787383973971e+04  ms.13l7.b1         3  3.1862948716710e-05  3.3021075739525e+01  1.7046827376449e+02  2.9233617017831e+01  2.8084703815176e+01
  1.2840835458068e+04  ms.12l7.b1         3 -1.6534790054394e-05  1.7021467717417e+02  3.0491139351623e+01  2.9351851555675e+01  2.8227101166754e+01
  1.2895557942165e+04  ms.11l7.b1         3  3.1862948716710e-05  2.9569727519339e+01  1.7882227573354e+02  2.9509915705735e+01  2.8345784968631e+01
  1.3768382257346e+04  ms.11r7.b1         3 -1.6534790054394e-05  1.6883496051259e+02  3.2608238606385e+01  3.1420724225286e+01  2.9818179084975e+01
  1.3821837741443e+04  ms.12r7.b1         3  3.1862948716710e-05  3.2140056250040e+01  1.7657413133303e+02  3.1558540423872e+01  2.9935036699342e+01
  1.3875289225539e+04  ms.13r7.b1         3 -1.6534790054394e-05  1.8490447718158e+02  3.0649434635224e+01  3.1673114641730e+01  3.0073131968467e+01
  1.3928740709636e+04  ms.14r7.b1         3  3.1862948716710e-05  3.1683279540263e+01  1.7643359602144e+02  3.1804320259811e+01  3.0194372985512e+01
  1.3982192193732e+04  ms.15r7.b1         3 -1.6534790054394e-05  1.7093392124247e+02  3.0284072978817e+01  3.1925547758992e+01  3.0333806620516e+01
  1.4035643677829e+04  ms.16r7.b1         3  3.1862948716710e-05  3.1179969981504e+01  1.7790109090084e+02  3.2065340632119e+01  3.0455329766120e+01
  1.4089095161925e+04  ms.17r7.b1         3 -1.6534790054394e-05  1.8515156787870e+02  3.0613786505795e+01  3.2181862093860e+01  3.0592959173041e+01
  1.4142546646022e+04  ms.18r7.b1         3  3.1862948716710e-05  3.1541824312699e+01  1.7616562822304e+02  3.2313338360840e+01  3.0714404240959e+01
  1.4195998130118e+04  ms.19r7.b1         3 -1.6534790054394e-05  1.7072635611942e+02  3.0330630365031e+01  3.2434998840808e+01  3.0853836331104e+01
  1.4249449614215e+04  ms.20r7.b1         3  3.1862948716710e-05  3.1331137562084e+01  1.7812937674876e+02  3.2574444927255e+01  3.0975144968992e+01
  1.4302901098311e+04  ms.21r7.b1         3 -1.6534790054394e-05  1.8530719845580e+02  3.0566656408202e+01  3.2690561451259e+01  3.1112798519442e+01
  1.4352446582408e+04  mo.22r7.b1         4 -5.5030993744873e-07  3.1789802136767e+01  1.7564055026674e+02  3.2802236106723e+01  3.1230983253226e+01
  1.4356352582408e+04  ms.22r7.b1         3  3.1862948716710e-05  3.1313453861018e+01  1.7637318726318e+02  3.2822411276503e+01  3.1234441545590e+01
  1.4409804066504e+04  ms.23r7.b1         3 -1.6534790054394e-05  1.6936116050418e+02  3.1925114455506e+01  3.2945388326516e+01  3.1368867631071e+01
  1.4459349550601e+04  mo.24r7.b1         4 -5.5030993744873e-07  3.2572874711111e+01  1.7579718209628e+02  3.3061606774629e+01  3.1483875894406e+01
  1.4463255550601e+04  ms.24r7.b1         3  3.1862948716710e-05  3.2814540102129e+01  1.7619617533255e+02  3.3081073157624e+01  3.1487334383715e+01
  1.4512801034697e+04  mo.25r7.b1         4 -5.5030993744873e-07  1.8470447245127e+02  3.0678111493694e+01  3.3190856196087e+01  3.1605024145356e+01
  1.4516707034697e+04  ms.25r7.b1         3 -1.6534790054394e-05  1.8514657792558e+02  3.0581646780742e+01  3.3194148363438e+01  3.1625804996224e+01
  1.4566252518794e+04  mo.26r7.b1         4 -5.5030993744873e-07  3.1724042449135e+01  1.7624826295692e+02  3.3306020854997e+01  3.1743702167263e+01
  1.4570158518794e+04  ms.26r7.b1         3  3.1862948716710e-05  3.1254950187120e+01  1.7698154505602e+02  3.3326236040172e+01  3.1747148553152e+01
  1.4623610002891e+04  ms.27r7.b1         3 -1.6534790054394e-05  1.6952253543256e+02  3.1907896510437e+01  3.3449284323766e+01  3.1881314862211e+01
  1.4673155486987e+04  mo.28r7.b1         4 -5.5030993744873e-07  3.2646205975639e+01  1.7518417780519e+02  3.3565275026786e+01  3.1996606575476e+01
  1.4677061486987e+04  ms.28r7.b1         3  3.1862948716710e-05  3.2880554304422e+01  1.7558293890725e+02  3.3584699784007e+01  3.2000077154662e+01
  1.4726606971084e+04  mo.29r7.b1         4 -5.5030993744873e-07  1.8454870249114e+02  3.0679789235959e+01  3.3694406311575e+01  3.2118016400994e+01
  1.4780058455180e+04  mo.30r7.b1         4 -5.5030993744873e-07  3.1650212673757e+01  1.7685763458382e+02  3.3809794299739e+01  3.2256363606004e+01
  1.4783964455180e+04  ms.30r7.b1         3  3.1862948716710e-05  3.1188940421631e+01  1.7758780169259e+02  3.3830054692150e+01  3.2259798168849e+01
  1.4833509939277e+04  mo.31r7.b1         4 -5.5030993744873e-07  1.6900261965337e+02  3.2033165173901e+01  3.3949585735882e+01  3.2373863953974e+01
  1.4837415939277e+04  ms.31r7.b1         3 -1.6534790054394e-05  1.6971164953480e+02  3.1863881312305e+01  3.3953180595107e+01  3.2393782536843e+01
  1.4886961423373e+04  mo.32r7.b1         4 -5.5030993744873e-07  3.2711442995507e+01  1.7459360519826e+02  3.4068950575971e+01  3.2509409951519e+01
  1.4890867423373e+04  ms.32r7.b1         3  3.1862948716710e-05  3.2937264598078e+01  1.7499936876229e+02  3.4088339076023e+01  3.2512892191590e+01
  1.4940412907470e+04  mo.33r7.b1         4 -5.5030993744873e-07  1.8436899685236e+02  3.0702209343703e+01  3.4197996494286e+01  3.2631020877325e+01
  1.4993864391566e+04  mo.34r7.b1         4 -5.5030993744873e-07  3.1585465930730e+01  1.7743146214668e+02  3.4313597830486e+01  3.2768995076014e+01
  1.4997770391566e+04  ms.34l8.b1         3  3.1862948716710e-05  3.1132984774523e+01  1.7815372755374e+02  3.4333897413780e+01  3.2772418629132e+01
  1.5047315875663e+04  mo.33l8.b1         4 -5.5030993744873e-07  1.6918292819777e+02  3.2008741691985e+01  3.4453482659455e+01  3.2886316884913e+01
  1.5100767359759e+04  mo.32l8.b1         4 -5.5030993744873e-07  3.2779359722154e+01  1.7403400850278e+02  3.4572615450479e+01  3.3022224322334e+01
  1.5104673359759e+04  ms.32l8.b1         3  3.1862948716710e-05  3.2996317814517e+01  1.7444789857417e+02  3.4591966313717e+01  3.3025717663995e+01
  1.5154218843856e+04  mo.31l8.b1         4 -5.5030993744873e-07  1.8417824544918e+02  3.0737951725259e+01  3.4701574187016e+01  3.3143991928047e+01
  1.5158124843856e+04  ms.31l8.b1         3 -1.6534790054394e-05  1.8457232314318e+02  3.0719822764983e+01  3.4704876180826e+01  3.3164705420483e+01
  1.5207670327952e+04  mo.30l8.b1         4 -5.5030993744873e-07  3.1516786549729e+01  1.7797282827754e+02  3.4817402777122e+01  3.3281572624649e+01
  1.5211576327952e+04  ms.30l8.b1         3  3.1862948716710e-05  3.1073630623807e+01  1.7868390074766e+02  3.4837744088113e+01  3.3284985889476e+01
  1.5261121812049e+04  mo.29l8.b1         4 -5.5030993744873e-07  1.6938839881734e+02  3.1958395035193e+01  3.4957380981951e+01  3.3398787529054e+01
  1.5314573296145e+04  mo.28l8.b1         4 -5.5030993744873e-07  3.2847631714423e+01  1.7351748087290e+02  3.5076270638701e+01  3.3535111193846e+01
  1.5318479296145e+04  ms.28l8.b1         3  3.1862948716710e-05  3.3054642794037e+01  1.7394626848649e+02  3.5095584151381e+01  3.3538614776561e+01
  1.5371930780242e+04  ms.27l8.b1         3 -1.6534790054394e-05  1.8434605289439e+02  3.0797148637177e+01  3.5208457155646e+01  3.3677637238872e+01
  1.5421476264338e+04  mo.26l8.b1         4 -5.5030993744873e-07  3.1452156449531e+01  1.7845612148285e+02  3.5321207032551e+01  3.3794129939703e+01
  1.5425382264338e+04  ms.26l8.b1         3  3.1862948716710e-05  3.1019213736292e+01  1.7915152425097e+02  3.5341587301122e+01  3.3797534127102e+01
  1.5474927748435e+04  mo.25l8.b1         4 -5.5030993744873e-07  1.6960064210268e+02  3.1902314050321e+01  3.5461261437937e+01  3.3911276552292e+01
  1.5478833748435e+04  ms.25l8.b1         3 -1.6534790054394e-05  1.7035543479054e+02  3.1663582123775e+01  3.5464843164757e+01  3.3931299524747e+01
  1.5528379232532e+04  mo.24l8.b1         4 -5.5030993744873e-07  3.2915361096510e+01  1.7306186638337e+02  3.5579907810332e+01  3.4048003310662e+01
  1.5532285232532e+04  ms.24l8.b1         3  3.1862948716710e-05  3.3112092214494e+01  1.7350614506608e+02  3.5599184501632e+01  3.4051515947533e+01
  1.5585736716628e+04  ms.23l8.b1         3 -1.6534790054394e-05  1.8410906355813e+02  3.0882370278230e+01  3.5712026792699e+01  3.4190516594520e+01
  1.5635282200725e+04  mo.22l8.b1         4 -5.5030993744873e-07  3.1382354378075e+01  1.7888246394127e+02  3.5825016227976e+01  3.4306641982449e+01
  1.5639188200725e+04  ms.22l8.b1         3  3.1862948716710e-05  3.0960151350330e+01  1.7955978763439e+02  3.5845438831770e+01  3.4310038241578e+01
  1.5692639684821e+04  ms.21l8.b1         3 -1.6534790054394e-05  1.7029205310252e+02  3.1627734855349e+01  3.5968730599597e+01  3.4443854392728e+01
  1.5746091168918e+04  ms.20l8.b1         3  3.1862948716710e-05  3.1914529712911e+01  1.7407080035256e+02  3.6106672507366e+01  3.4563745490169e+01
  1.5799542653014e+04  ms.19l8.b1         3 -1.6534790054394e-05  1.8560743694016e+02  2.9427185828475e+01  3.6221373821863e+01  3.4707315526797e+01
  1.5852994137111e+04  ms.18l8.b1         3  3.1862948716710e-05  3.0816962879635e+01  1.8125059779622e+02  3.6354665527140e+01  3.4829607897531e+01
  1.5906445621207e+04  ms.17l8.b1         3 -1.6534790054394e-05  1.7055399159553e+02  3.1448410965008e+01  3.6478199026362e+01  3.4963096949188e+01
  1.5959897105304e+04  ms.16l8.b1         3  3.1862948716710e-05  3.2061996471624e+01  1.7248260150122e+02  3.6615566916729e+01  3.5084104050418e+01
  1.6013348589400e+04  ms.15l8.b1         3 -1.6534790054394e-05  1.8529425996356e+02  2.9640630839776e+01  3.6730064332929e+01  3.5227869587655e+01
  1.6066800073497e+04  ms.14l8.b1         3  3.1862948716710e-05  3.0669851331339e+01  1.8270799575597e+02  3.6863929987052e+01  3.5348998662105e+01
  1.6120251557593e+04  ms.13l8.b1         3 -1.6534790054394e-05  1.7198321117629e+02  3.0999153556529e+01  3.6987656887188e+01  3.5482547469663e+01
  1.6173703041690e+04  ms.12l8.b1         3  3.1862948716710e-05  3.6699534740528e+01  1.6798758417526e+02  3.7112261321751e+01  3.5607160825300e+01
  1.6228425525786e+04  ms.11l8.b1         3 -1.6534790054394e-05  1.7342070898655e+02  3.6190066410186e+01  3.7220274058378e+01  3.5745198787629e+01
  1.7100379925785e+04  ms.11r8.b1         3  1.8333887950523e-05  4.6277254406775e+01  8.6784656058095e+01  3.9696430320207e+01  3.7994965544711e+01
  1.7153832441689e+04  ms.12r8.b1         3 -1.1119018794272e-05  8.8415260272253e+01  4.1947904293788e+01  3.9843072804369e+01  3.8184232123670e+01
  1.7207280957592e+04  ms.13r8.b1         3  4.6365974954433e-05  3.8689606536087e+01  3.5059641728641e+02  4.0048075459401e+01  3.8252986464083e+01
  1.7260729473496e+04  ms.14r8.b1         3 -4.2414352808688e-05  3.6363353494785e+02  3.4798022192254e+01  4.0118595455164e+01  3.8337748746129e+01
  1.7314177989399e+04  ms.15r8.b1         3  1.8333887950523e-05  4.4994918174165e+01  8.9257049259983e+01  4.0190828416104e+01  3.8520677947759e+01
  1.7367626505303e+04  ms.16r8.b1         3 -1.1119018794272e-05  8.7561617985714e+01  4.6774377538133e+01  4.0341141815885e+01  3.8687969167540e+01
  1.7421075021206e+04  ms.17r8.b1         3  4.6365974954433e-05  3.8686118232005e+01  3.5059437579492e+02  4.0548047616649e+01  3.8752965566126e+01
  1.7474523537110e+04  ms.18r8.b1         3 -4.2414352808688e-05  3.6360904164821e+02  3.4815806007922e+01  4.0618573562636e+01  3.8837704163316e+01
  1.7527972053013e+04  ms.19r8.b1         3  1.8333887950523e-05  4.5014052339408e+01  8.9242602463222e+01  4.0690792618124e+01  3.9020571352996e+01
  1.7581420568917e+04  ms.20r8.b1         3 -1.1119018794272e-05  8.7585496124405e+01  4.6755763442161e+01  4.0841029325751e+01  3.9187940517179e+01
  1.7634869084820e+04  ms.21r8.b1         3  4.6365974954433e-05  3.8665140939792e+01  3.5061501918529e+02  4.1048012418344e+01  3.9252948582776e+01
  1.7684411600724e+04  mo.22r8.b1         4 -5.5030993744873e-07  3.6099231137352e+02  4.0902329151950e+01  4.1116878702777e+01  3.9320831003086e+01
  1.7688317600724e+04  ms.22r8.b1         3 -4.2414352808688e-05  3.6360472430010e+02  3.4820582188412e+01  4.1118559300196e+01  3.9337677987089e+01
  1.7741766116627e+04  ms.23r8.b1         3  1.8333887950523e-05  4.5019376389288e+01  8.9238473725247e+01  4.1190774243992e+01  3.9520529137092e+01
  1.7791308632531e+04  mo.24r8.b1         4 -5.5030993744873e-07  8.8781118282431e+01  4.0958274433387e+01  4.1334085085881e+01  3.9673394183018e+01
  1.7795214632531e+04  ms.24r8.b1         3 -1.1119018794272e-05  8.7590448676435e+01  4.6751812639675e+01  4.1340991728405e+01  3.9687916489962e+01
  1.7844757148434e+04  mo.25r8.b1         4 -5.5030993744873e-07  3.2563349254605e+01  3.5023095426872e+02  4.1530061271104e+01  3.9751190144010e+01
  1.7848663148434e+04  ms.25r8.b1         3  4.6365974954433e-05  3.8661656513189e+01  3.5061290926506e+02  4.1547984571914e+01  3.9752927685938e+01
  1.7898205664337e+04  mo.26r8.b1         4 -5.5030993744873e-07  3.6096745173074e+02  4.0920268036375e+01  4.1616856700475e+01  3.9820794469913e+01
  1.7902111664337e+04  ms.26r8.b1         3 -4.2414352808688e-05  3.6358015960662e+02  3.4838374779342e+01  4.1618537412567e+01  3.9837633429406e+01
  1.7955560180241e+04  ms.27r8.b1         3  1.8333887950523e-05  4.5038518237896e+01  8.9224107248563e+01  4.1690738465084e+01  4.0020422509369e+01
  1.8005102696144e+04  mo.28r8.b1         4 -5.5030993744873e-07  8.8809445451212e+01  4.0939093779211e+01  4.1833974653902e+01  4.0173359204590e+01
  1.8009008696144e+04  ms.28r8.b1         3 -1.1119018794272e-05  8.7614424027787e+01  4.6733197707874e+01  4.1840879249238e+01  4.0187887824541e+01
  1.8058551212048e+04  mo.29r8.b1         4 -5.5030993744873e-07  3.2543431002458e+01  3.5024705605015e+02  4.2030015659192e+01  4.0251173251345e+01
  1.8062457212048e+04  ms.29r8.b1         3  4.6365974954433e-05  3.8640679713638e+01  3.5063351059540e+02  4.2047949350680e+01  4.0252910701965e+01
  1.8111999727951e+04  mo.30r8.b1         4 -5.5030993744873e-07  3.6095787108643e+02  4.0925677341809e+01  4.2116842408837e+01  4.0320770583587e+01
  1.8165448243855e+04  mo.31r8.b1         4 -5.5030993744873e-07  5.1446065545797e+01  8.8218712294249e+01  4.2177515353570e+01  4.0513518576458e+01
  1.8169354243855e+04  ms.31r8.b1         3  1.8333887950523e-05  4.5053274114016e+01  8.9218313723916e+01  4.2190711979360e+01  4.0520383650245e+01
  1.8218896759758e+04  mo.32r8.b1         4 -5.5030993744873e-07  8.8825537012001e+01  4.0935840853000e+01  4.2333897169569e+01  4.0673336792491e+01
  1.8222802759758e+04  ms.32r8.b1         3 -1.1119018794272e-05  8.7627350417646e+01  4.6730372038805e+01  4.2340800628931e+01  4.0687866430563e+01
  1.8272345275662e+04  mo.33r8.b1         4 -5.5030993744873e-07  3.2532503831805e+01  3.5025179641090e+02  4.2529974306369e+01  4.0751153425982e+01
  1.8276251275662e+04  ms.33r8.b1         3  4.6365974954433e-05  3.8629230231480e+01  3.5063913395923e+02  4.2547913694848e+01  4.0752890851232e+01
  1.8325793791565e+04  mo.34r8.b1         4 -5.5030993744873e-07  3.6093088965662e+02  4.0943839599179e+01  4.2616820400908e+01  4.0820734117251e+01
  1.8379242307469e+04  mo.33l1.b1         4 -5.5030993744873e-07  5.1454850997450e+01  8.8210594914714e+01  4.2677490283528e+01  4.1013407752344e+01
  1.8383148307469e+04  ms.33l1.b1         3  1.8333887950523e-05  4.5062976953432e+01  8.9205728735806e+01  4.2690684353167e+01  4.1020273625214e+01
  1.8432690823372e+04  mo.32l1.b1         4 -5.5030993744873e-07  8.8844011969068e+01  4.0915745242443e+01  4.2833827135035e+01  4.1173298807374e+01
  1.8486139339276e+04  mo.31l1.b1         4 -5.5030993744873e-07  3.2521046937768e+01  3.5025583459446e+02  4.3029936248093e+01  4.1251135846627e+01
  1.8490045339276e+04  ms.31l1.b1         3  4.6365974954433e-05  3.8616834260057e+01  3.5064766470107e+02  4.3047881698182e+01  4.1252873240406e+01
  1.8539587855179e+04  mo.30l1.b1         4 -5.5030993744873e-07  3.6091974266367e+02  4.0948357678157e+01  4.3116801346279e+01  4.1320711639961e+01
  1.8543493855179e+04  ms.30l1.b1         3 -4.2414352808688e-05  3.6354293639132e+02  3.4865180652170e+01  4.3118482255482e+01  4.1337538304498e+01
  1.8593036371083e+04  mo.29l1.b1         4 -5.5030993744873e-07  5.1458490694646e+01  8.8208818118729e+01  4.3177469783747e+01  4.1513367307389e+01
  1.8596942371083e+04  ms.29l1.b1         3  1.8333887950523e-05  4.5066964053877e+01  8.9202931768045e+01  4.3190662803677e+01  4.1520233358697e+01
  1.8646484886986e+04  mo.28l1.b1         4 -5.5030993744873e-07  8.8849925278482e+01  4.0911691078291e+01  4.3333790059976e+01  4.1673273416385e+01
  1.8703839402890e+04  ms.27l1.b1         3  4.6365974954433e-05  3.8612745432826e+01  3.5064962445464e+02  4.3547858375469e+01  4.1752851930182e+01
  1.8753381918793e+04  mo.26l1.b1         4 -5.5030993744873e-07  3.6089828573658e+02  4.0966970770189e+01  4.3616784106504e+01  4.1820673708872e+01
  1.8757287918793e+04  ms.26l1.b1         3 -4.2414352808688e-05  3.6352201794890e+02  3.4883530434373e+01  4.3618465114066e+01  4.1837492094584e+01
  1.8806830434696e+04  mo.25l1.b1         4 -5.5030993744873e-07  5.1477929414458e+01  8.8197800634460e+01  4.3677442743554e+01  4.2013257645331e+01
  1.8810736434696e+04  ms.25l1.b1         3  1.8333887950523e-05  4.5087438372069e+01  8.9187467987827e+01  4.3690630261505e+01  4.2020124719817e+01
  1.8860278950600e+04  mo.24l1.b1         4 -5.5030993744873e-07  8.8878694738981e+01  4.0892399069126e+01  4.3833679656611e+01  4.2173238378550e+01
  1.8864184950600e+04  ms.24l1.b1         3 -1.1119018794272e-05  8.7672646750641e+01  4.6688048239878e+01  4.3840579266330e+01  4.2187782361188e+01
  1.8917633466503e+04  ms.23l1.b1         3  4.6365974954433e-05  3.8591768125305e+01  3.5067013400727e+02  4.4047823094960e+01  4.2252834946559e+01
  1.8967175982407e+04  mo.22l1.b1         4 -5.5030993744873e-07  3.6088861128744e+02  4.0972371855889e+01  4.4116769809658e+01  4.2320649850441e+01
  1.8971081982407e+04  ms.22l1.b1         3 -4.2414352808688e-05  3.6351756630711e+02  3.4888301247220e+01  4.4118450850022e+01  4.2337465969028e+01
  1.9024530498310e+04  ms.21l1.b1         3  1.8333887950523e-05  4.5092731525220e+01  8.9183445100583e+01  4.4190611937729e+01  4.2520082487144e+01
  1.9077979014214e+04  ms.20l1.b1         3 -1.1119018794272e-05  8.7677668988390e+01  4.6684080431246e+01  4.4340541808103e+01  4.2687758299225e+01
  1.9131427530117e+04  ms.19l1.b1         3  4.6365974954433e-05  3.8588293635425e+01  3.5066780276091e+02  4.4547795212206e+01  4.2752814055902e+01
  1.9184876046021e+04  ms.18l1.b1         3 -4.2414352808688e-05  3.6349277173612e+02  3.4906114308257e+01  4.4618428955184e+01  4.2837421499327e+01
  1.9238324561924e+04  ms.17l1.b1         3  1.8333887950523e-05  4.5111897587467e+01  8.9169326586784e+01  4.4690576194717e+01  4.3019975789887e+01
  1.9291773077828e+04  ms.16l1.b1         3 -1.1119018794272e-05  8.7701941835969e+01  4.6665467428624e+01  4.4840429331517e+01  4.3187729593320e+01
  1.9345221593731e+04  ms.15l1.b1         3  4.6365974954433e-05  3.8567315295973e+01  3.5068826322103e+02  4.5047759895402e+01  4.3252797073039e+01
  1.9398670109635e+04  ms.14l1.b1         3 -4.2414352808688e-05  3.6348826867672e+02  3.4910882590790e+01  4.5118414683491e+01  4.3337395393062e+01
  1.9452118625538e+04  ms.13l1.b1         3  1.8333887950523e-05  4.5017917107910e+01  8.9341164094042e+01  4.5190572434717e+01  4.3519926790138e+01
  1.9505567141442e+04  ms.12l1.b1         3 -1.1119018794272e-05  8.6943946927604e+01  4.7406486898012e+01  4.5341942368037e+01  4.3684869242479e+01
  1.9560286657345e+04  ms.11l1.b1         3  4.6365974954433e-05  4.3628971376227e+01  3.3260849068236e+02  4.5548330546218e+01  4.3750364282722e+01
  2.0433103057344e+04  ms.11r1.b1         3 -3.0714765559236e-05  3.7495039185170e+02  3.1901186807514e+01  4.7613373131589e+01  4.5826124639835e+01
  2.0486558541441e+04  ms.12r1.b1         3  1.8333887950523e-05  4.5366086909863e+01  9.0462875096745e+01  4.7684314708082e+01  4.6022749007449e+01
  2.0540010025537e+04  ms.13r1.b1         3 -1.1119018794272e-05  8.7344401106399e+01  4.8276841656850e+01  4.7834116887701e+01  4.6183941141869e+01
  2.0593461509634e+04  ms.14r1.b1         3  5.4459117451904e-05  3.8847041629044e+01  3.4862297995548e+02  4.8040578874787e+01  4.6248053617453e+01
  2.0646912993730e+04  ms.15r1.b1         3 -3.0714765559236e-05  3.6408086603475e+02  3.3226542352165e+01  4.8110903584200e+01  4.6335296710130e+01
  2.0700364477827e+04  ms.16r1.b1         3  1.8333887950523e-05  4.4863120693980e+01  9.0947087118904e+01  4.8183207040147e+01  4.6523336953129e+01
  2.0753815961923e+04  ms.17r1.b1         3 -1.1119018794272e-05  8.7337641437810e+01  4.8285300457339e+01  4.8334139487064e+01  4.6683943855241e+01
  2.0807267446020e+04  ms.18r1.b1         3  5.4459117451904e-05  3.8853106806365e+01  3.4861498810280e+02  4.8540579350136e+01  4.6748051190818e+01
  2.0860718930116e+04  ms.19r1.b1         3 -3.0714765559236e-05  3.6406894524536e+02  3.3234379702552e+01  4.8610899404744e+01  4.6835283924937e+01
  2.0914170414213e+04  ms.20r1.b1         3  1.8333887950523e-05  4.4867688301338e+01  9.0938958981407e+01  4.8683200188805e+01  4.7023295823246e+01
  2.0967621898309e+04  ms.21r1.b1         3 -1.1119018794272e-05  8.7345405542430e+01  4.8275838955075e+01  4.8834111498545e+01  4.7183938825896e+01
  2.1017167382406e+04  mo.22r1.b1         4 -5.5030993744873e-07  3.2731496295717e+01  3.4862553310303e+02  4.9022742309102e+01  4.7246305389479e+01
  2.1021073382406e+04  ms.22r1.b1         3  5.4459117451904e-05  3.8846164416151e+01  3.4862419538740e+02  4.9040576628485e+01  4.7248051887604e+01
  2.1074524866502e+04  ms.23r1.b1         3 -3.0714765559236e-05  3.6407986326454e+02  3.3227545974927e+01  4.9110902291664e+01  4.7335293343282e+01
  2.1124070350599e+04  mo.24r1.b1         4 -5.5030993744873e-07  5.1274845619084e+01  8.9557992846621e+01  4.9169958486436e+01  4.7516581864850e+01
  2.1127976350599e+04  ms.24r1.b1         3  1.8333887950523e-05  4.4863997997396e+01  9.0945872148339e+01  4.9183205094693e+01  4.7523330318670e+01
  2.1177521834695e+04  mo.25r1.b1         4 -5.5030993744873e-07  8.8491359081660e+01  4.2571054722439e+01  4.9327206178979e+01  4.7669926182215e+01
  2.1181427834695e+04  ms.25r1.b1         3 -1.1119018794272e-05  8.7338644955624e+01  4.8284296937358e+01  4.9334134098833e+01  4.7683941538818e+01
  2.1230973318792e+04  mo.26r1.b1         4 -5.5030993744873e-07  3.2737229816616e+01  3.4861933747817e+02  4.9522745749395e+01  4.7746302926246e+01
  2.1234879318792e+04  ms.26r1.b1         3  5.4459117451904e-05  3.8852229031040e+01  3.4861620773983e+02  4.9540577108911e+01  4.7748049460506e+01
  2.1288330802889e+04  ms.27r1.b1         3 -3.0714765559236e-05  3.6406794588663e+02  3.3235384738962e+01  4.9610898117276e+01  4.7835280555556e+01
  2.1337876286985e+04  mo.28r1.b1         4 -5.5030993744873e-07  5.1278954532764e+01  8.9551846904519e+01  4.9669952844500e+01  4.8016540194395e+01
  2.1341782286985e+04  ms.28r1.b1         3  1.8333887950523e-05  4.4868567135515e+01  9.0937743307725e+01  4.9683198246838e+01  4.8023289182777e+01
  2.1391327771082e+04  mo.29r1.b1         4 -5.5030993744873e-07  8.8500249574323e+01  4.2561397083744e+01  4.9827178846429e+01  4.8169918180451e+01
  2.1444779255178e+04  mo.30r1.b1         4 -5.5030993744873e-07  3.2731336251552e+01  3.4862250569320e+02  5.0022735630649e+01  4.8246304042896e+01
  2.1448685255178e+04  ms.30r1.b1         3  5.4459117451904e-05  3.8845880579293e+01  3.4862132778516e+02  5.0040570059247e+01  4.8248050555788e+01
  2.1498230739275e+04  mo.31r1.b1         4 -5.5030993744873e-07  3.6149937719263e+02  3.9229295963944e+01  5.0109218131954e+01  4.8317678737847e+01
  2.1502136739275e+04  ms.31r1.b1         3 -3.0714765559236e-05  3.6407534603730e+02  3.3228041000217e+01  5.0110896464540e+01  4.8335291687317e+01
  2.1551682223371e+04  mo.32r1.b1         4 -5.5030993744873e-07  5.1274349424356e+01  8.9558276635602e+01  5.0169953343105e+01  4.8516577088363e+01
  2.1555588223371e+04  ms.32r1.b1         3  1.8333887950523e-05  4.4863627860593e+01  9.0945987448004e+01  5.0183200070376e+01  4.8523325527204e+01
  2.1605133707468e+04  mo.33r1.b1         4 -5.5030993744873e-07  8.8492331442764e+01  4.2570117563785e+01  5.0327200877389e+01  4.8669923563818e+01
  2.1658585191564e+04  mo.34r1.b1         4 -5.5030993744873e-07  3.2736400436872e+01  3.4862031362498e+02  5.0522743084981e+01  4.8746301200783e+01
  2.1662491191564e+04  ms.34l2.b1         3  5.4459117451904e-05  3.8851352078331e+01  3.4861743059665e+02  5.0540574873418e+01  4.8748047729534e+01
  2.1712036675661e+04  mo.33l2.b1         4 -5.5030993744873e-07  3.6149267267924e+02  3.9237702363698e+01  5.0609218467368e+01  4.8817668353268e+01
  2.1765488159757e+04  mo.32l2.b1         4 -5.5030993744873e-07  5.1273155226386e+01  8.9552087056498e+01  5.0669955144283e+01  4.9016531113050e+01
  2.1769394159757e+04  ms.32l2.b1         3  1.8333887950523e-05  4.4862674746250e+01  9.0937660718091e+01  5.0683202169281e+01  4.9023280095444e+01
  2.1818939643854e+04  mo.31l2.b1         4 -5.5030993744873e-07  8.8494475771664e+01  4.2559671571072e+01  5.0827202673839e+01  4.9169913436779e+01
  2.1822845643854e+04  ms.31l2.b1         3 -1.1119018794272e-05  8.7341879967160e+01  4.8273011572509e+01  5.0834130343442e+01  4.9183932315472e+01
  2.1872391127950e+04  mo.30l2.b1         4 -5.5030993744873e-07  3.2735445217371e+01  3.4862189981700e+02  5.1022745418846e+01  4.9246301147788e+01
  2.1876297127950e+04  ms.30l2.b1         3  5.4459117451904e-05  3.8850162420763e+01  3.4862111772442e+02  5.1040577736505e+01  4.9248047662724e+01
  2.1925842612047e+04  mo.29l2.b1         4 -5.5030993744873e-07  3.6150297457881e+02  3.9230838783723e+01  5.1109221408217e+01  4.9317674403477e+01
  2.1979294096143e+04  mo.28l2.b1         4 -5.5030993744873e-07  5.1276505086194e+01  8.9556051028109e+01  5.1169955088887e+01  4.9516568416264e+01
  2.1983200096143e+04  ms.28l2.b1         3  1.8333887950523e-05  4.4865752545323e+01  9.0943436895973e+01  5.1183201222682e+01  4.9523317033698e+01
  2.2036651580240e+04  ms.27l2.b1         3 -1.1119018794272e-05  8.7340649888633e+01  4.8282287587820e+01  5.1334123345623e+01  4.9683936903371e+01
  2.2086197064336e+04  mo.26l2.b1         4 -5.5030993744873e-07  3.2735572760455e+01  3.4862128241470e+02  5.1522740417692e+01  4.9746299475737e+01
  2.2090103064336e+04  ms.26l2.b1         3  5.4459117451904e-05  3.8850476746067e+01  3.4861864607439e+02  5.1540572634230e+01  4.9748045999016e+01
  2.2139648548433e+04  mo.25l2.b1         4 -5.5030993744873e-07  3.6149147234523e+02  3.9238759983538e+01  5.1609217174885e+01  4.9817665489926e+01
  2.2143554548433e+04  ms.25l2.b1         3 -3.0714765559236e-05  3.6406594481698e+02  3.3237395406028e+01  5.1610895547256e+01  4.9835273815487e+01
  2.2193100032530e+04  mo.24l2.b1         4 -5.5030993744873e-07  5.1280611245211e+01  8.9549909517732e+01  5.1669949444381e+01  5.0016526745483e+01
  2.2197006032530e+04  ms.24l2.b1         3  1.8333887950523e-05  4.4870319091596e+01  9.0935312486118e+01  5.1683194373084e+01  5.0023275897174e+01
  2.2250457516626e+04  ms.23l2.b1         3 -1.1119018794272e-05  8.7348415919130e+01  4.8272825345024e+01  5.1834095362919e+01  5.0183931872667e+01
  2.2300003000723e+04  mo.22l2.b1         4 -5.5030993744873e-07  3.2729010360698e+01  3.4862845048787e+02  5.2022734307522e+01  5.0246300213935e+01
  2.2303909000723e+04  ms.22l2.b1         3  5.4459117451904e-05  3.8843535622620e+01  3.4862785286846e+02  5.2040569913079e+01  5.0248046695591e+01
  2.2357360484819e+04  ms.21l2.b1         3 -3.0714765559236e-05  3.6407686397354e+02  3.3230561030709e+01  5.2110898434069e+01  5.0335283233090e+01
  2.2410811968916e+04  ms.20l2.b1         3  1.8333887950523e-05  4.4866628107646e+01  9.0942222151102e+01  5.2183199279072e+01  5.0523310394504e+01
  2.2464263453012e+04  ms.19l2.b1         3 -1.1119018794272e-05  8.7341653040454e+01  4.8281282829900e+01  5.2334117964943e+01  5.0683934585822e+01
  2.2517714937109e+04  ms.18l2.b1         3  5.4459117451904e-05  3.8849600895782e+01  3.4861985887387e+02  5.2540570389218e+01  5.0748044269135e+01
  2.2571166421205e+04  ms.17l2.b1         3 -3.0714765559236e-05  3.6406494097315e+02  3.3238399311666e+01  5.2610894254734e+01  5.0835270449345e+01
  2.2624617905302e+04  ms.16l2.b1         3  1.8333887950523e-05  4.4871196607964e+01  9.0934099646691e+01  5.2683192427749e+01  5.1023269261725e+01
  2.2678069389398e+04  ms.15l2.b1         3 -1.1119018794272e-05  8.7349421131642e+01  4.8271821771943e+01  5.2834089974370e+01  5.1183929555949e+01
  2.2731520873495e+04  ms.14l2.b1         3  5.4459117451904e-05  3.8842658441630e+01  3.4862906712013e+02  5.3040567666571e+01  5.1248044965767e+01
  2.2784972357591e+04  ms.13l2.b1         3 -3.0714765559236e-05  3.6196939989930e+02  3.3449433680041e+01  5.3110902016904e+01  5.1335222194782e+01
  2.2838423841688e+04  ms.12l2.b1         3  1.8333887950523e-05  3.5969731070227e+01  9.1751552079032e+01  5.3192996402089e+01  5.1518975554291e+01
  2.2893146325784e+04  ms.11l2.b1         3 -1.1119018794272e-05  8.4619350667002e+01  4.7641536354177e+01  5.3373972147709e+01  5.1697083620542e+01
  2.3765100725783e+04  ms.11r2.b1         3  3.1862948716710e-05  3.4025125541284e+01  1.7581370484173e+02  5.5792660060766e+01  5.3838347819292e+01
  2.3818553241687e+04  ms.12r2.b1         3 -1.6534790054394e-05  1.7138762039130e+02  2.8905688128638e+01  5.5908795223614e+01  5.3982280341428e+01
  2.3872001757590e+04  ms.13r2.b1         3  3.1862948716710e-05  3.2562989415150e+01  1.7638002618166e+02  5.6044367332651e+01  5.4108031982774e+01
  2.3925450273494e+04  ms.14r2.b1         3 -1.6534790054394e-05  1.8321451490121e+02  3.4065983159395e+01  5.6158843844617e+01  5.4236658843463e+01
  2.3978898789397e+04  ms.15r2.b1         3  3.1862948716710e-05  3.3344998088262e+01  1.7549151031567e+02  5.6285897222832e+01  5.4351173872852e+01
  2.4032347305301e+04  ms.16r2.b1         3 -1.6534790054394e-05  1.6487313379874e+02  3.5638963840044e+01  5.6406286732422e+01  5.4476529844098e+01
  2.4085795821204e+04  ms.17r2.b1         3  3.1862948716710e-05  3.2572902648899e+01  1.7740595532959e+02  5.6544633565133e+01  5.4587234553630e+01
  2.4139244337108e+04  ms.18r2.b1         3 -1.6534790054394e-05  1.8322433518750e+02  3.4097065547817e+01  5.6659085140749e+01  5.4715304363528e+01
  2.4192692853011e+04  ms.19r2.b1         3  3.1862948716710e-05  3.3334461438612e+01  1.7449841215790e+02  5.6786159858959e+01  5.4830152126159e+01
  2.4246141368915e+04  ms.20r2.b1         3 -1.6534790054394e-05  1.6486785283841e+02  3.5575500473795e+01  5.6906575531022e+01  5.4956106459396e+01
  2.4299589884818e+04  ms.21r2.b1         3  3.1862948716710e-05  3.2575213314218e+01  1.7835363917173e+02  5.7044918649893e+01  5.5066575976726e+01
  2.4349132400722e+04  mo.22r2.b1         4 -5.5030993744873e-07  1.8234256137246e+02  3.4449534254502e+01  5.7156030516352e+01  5.5175467310104e+01
  2.4353038400722e+04  ms.22r2.b1         3 -1.6534790054394e-05  1.8288969675487e+02  3.4248127171096e+01  5.7159364582102e+01  5.5193986022640e+01
  2.4406486916625e+04  ms.23r2.b1         3  3.1862948716710e-05  3.1946022156991e+01  1.7470213322829e+02  5.7290325100972e+01  5.5308292439047e+01
  2.4456029432529e+04  mo.24r2.b1         4 -5.5030993744873e-07  1.6591200592321e+02  3.3795957806368e+01  5.7409437723683e+01  5.5419813314445e+01
  2.4459935432529e+04  ms.24r2.b1         3 -1.6534790054394e-05  1.6648241932762e+02  3.3752675460169e+01  5.7413101224339e+01  5.5438648425281e+01
  2.4509477948432e+04  mo.25r2.b1         4 -5.5030993744873e-07  3.2422276296338e+01  1.7746998279632e+02  5.7530877989856e+01  5.5549206146891e+01
  2.4513383948432e+04  ms.25r2.b1         3  3.1862948716710e-05  3.2683359467736e+01  1.7809193607999e+02  5.7550414895114e+01  5.5552632440371e+01
  2.4562926464335e+04  mo.26r2.b1         4 -5.5030993744873e-07  1.8228627702694e+02  3.4498722789903e+01  5.7661326317289e+01  5.5661526472473e+01
  2.4566832464335e+04  ms.26r2.b1         3 -1.6534790054394e-05  1.8280710829239e+02  3.4309877910262e+01  5.7664661651229e+01  5.5680015183351e+01
  2.4620280980239e+04  ms.27r2.b1         3  3.1862948716710e-05  3.1838203120975e+01  1.7499029935200e+02  5.7795951466875e+01  5.5794081989546e+01
  2.4669823496142e+04  mo.28r2.b1         4 -5.5030993744873e-07  1.6599452763871e+02  3.3746578822450e+01  5.7915277458977e+01  5.5905590384197e+01
  2.4673729496142e+04  ms.28r2.b1         3 -1.6534790054394e-05  1.6659144738612e+02  3.3689546035039e+01  5.7918938850412e+01  5.5924457072885e+01
  2.4723272012046e+04  mo.29r2.b1         4 -5.5030993744873e-07  3.2526060031777e+01  1.7715328590618e+02  5.8036436313907e+01  5.6035257722247e+01
  2.4727178012046e+04  ms.29r2.b1         3  3.1862948716710e-05  3.2781946236891e+01  1.7778635254755e+02  5.8055912359744e+01  5.6038690022337e+01
  2.4776720527949e+04  mo.30r2.b1         4 -5.5030993744873e-07  1.8218593488721e+02  3.4538244748706e+01  5.8166660024490e+01  5.6147621215423e+01
  2.4830169043853e+04  mo.31r2.b1         4 -5.5030993744873e-07  3.2219288867384e+01  1.7486243490685e+02  5.8281720944729e+01  5.6276434307368e+01
  2.4834075043853e+04  ms.31r2.b1         3  3.1862948716710e-05  3.1741093328457e+01  1.7531808129365e+02  5.8301609887286e+01  5.6279913260727e+01
  2.4883617559756e+04  mo.32r2.b1         4 -5.5030993744873e-07  1.6610823879161e+02  3.3719104414923e+01  5.8421111680413e+01  5.6391350754694e+01
  2.4887523559756e+04  ms.32r2.b1         3 -1.6534790054394e-05  1.6672922951622e+02  3.3646751718346e+01  5.8424770304623e+01  5.6410237216692e+01
  2.4937066075660e+04  mo.33r2.b1         4 -5.5030993744873e-07  3.2636494434917e+01  1.7679305000180e+02  5.8541963067575e+01  5.6521258095320e+01
  2.4940972075660e+04  ms.33r2.b1         3  3.1862948716710e-05  3.2885965938121e+01  1.7743244819677e+02  5.8561375051775e+01  5.6524697318119e+01
  2.4990514591563e+04  mo.34r2.b1         4 -5.5030993744873e-07  1.8205068563554e+02  3.4563069650231e+01  5.8671961678939e+01  5.6633711290918e+01
  2.5043963107467e+04  mo.33l3.b1         4 -5.5030993744873e-07  3.2109250009838e+01  1.7523786877634e+02  5.8787315486790e+01  5.6762285705005e+01
  2.5047869107467e+04  ms.33l3.b1         3  3.1862948716710e-05  3.1638573779285e+01  1.7568765099174e+02  5.8807271070048e+01  5.6765757269401e+01
  2.5097411623370e+04  mo.32l3.b1         4 -5.5030993744873e-07  1.6626987725450e+02  3.3694831316274e+01  5.8926941054639e+01  5.6877101907393e+01
  2.5150860139274e+04  mo.31l3.b1         4 -5.5030993744873e-07  3.2742163559110e+01  1.7640690643394e+02  5.9047475012222e+01  5.7007256091218e+01
  2.5154766139274e+04  ms.31l3.b1         3  3.1862948716710e-05  3.2982854465305e+01  1.7705169320523e+02  5.9066826851762e+01  5.7010702775368e+01
  2.5204308655177e+04  mo.30l3.b1         4 -5.5030993744873e-07  1.8187222412883e+02  3.4576760605841e+01  5.9177283511513e+01  5.7119830733941e+01
  2.5208214655177e+04  ms.30l3.b1         3 -1.6534790054394e-05  1.8231813681072e+02  3.4436345425818e+01  5.9180627115797e+01  5.7138264379077e+01
  2.5257757171081e+04  mo.29l3.b1         4 -5.5030993744873e-07  3.2005388464753e+01  1.7563225809306e+02  5.9292935393845e+01  5.7248185286936e+01
  2.5261663171081e+04  ms.29l3.b1         3  3.1862948716710e-05  3.1544180998394e+01  1.7607906488994e+02  5.9312953554226e+01  5.7251649095647e+01
  2.5311205686984e+04  mo.28l3.b1         4 -5.5030993744873e-07  1.6646167470941e+02  3.3694241952046e+01  5.9432760218790e+01  5.7362846002196e+01
  2.5368560202888e+04  ms.27l3.b1         3  3.1862948716710e-05  3.3075606366162e+01  1.7665460387887e+02  5.9572266593488e+01  5.7496647901546e+01
  2.5418102718791e+04  mo.26l3.b1         4 -5.5030993744873e-07  1.8165824333951e+02  3.4574231132166e+01  5.9682615330519e+01  5.7605926940882e+01
  2.5422008718791e+04  ms.26l3.b1         3 -1.6534790054394e-05  1.8208028700372e+02  3.4451884845964e+01  5.9685963088504e+01  5.7624357086650e+01
  2.5471551234694e+04  mo.25l3.b1         4 -5.5030993744873e-07  3.1901656655460e+01  1.7603444099218e+02  5.9798580584326e+01  5.7734098106130e+01
  2.5475457234694e+04  ms.25l3.b1         3  3.1862948716710e-05  3.1451455774320e+01  1.7648157985968e+02  5.9818661120007e+01  5.7737554004986e+01
  2.5524999750598e+04  mo.24l3.b1         4 -5.5030993744873e-07  1.6670003529987e+02  3.3697329554005e+01  5.9938580650888e+01  5.7848592310682e+01
  2.5528905750598e+04  ms.24l3.b1         3 -1.6534790054394e-05  1.6739502448251e+02  3.3571673304339e+01  5.9942225503217e+01  5.7867506119622e+01
  2.5582354266501e+04  ms.23l3.b1         3  3.1862948716710e-05  3.3162196717954e+01  1.7625314177464e+02  6.0077700613680e+01  5.7982588902613e+01
  2.5631896782405e+04  mo.22l3.b1         4 -5.5030993744873e-07  1.8140350118075e+02  3.4561008072590e+01  6.0187969297245e+01  5.8092041489056e+01
  2.5635802782405e+04  ms.22l3.b1         3 -1.6534790054394e-05  1.8180283048646e+02  3.4456803799734e+01  6.0191321961209e+01  5.8110473854763e+01
  2.5689251298308e+04  ms.21l3.b1         3  3.1862948716710e-05  3.1296103244193e+01  1.7727461258154e+02  6.0324408557866e+01  5.8223502688225e+01
  2.5742699814212e+04  ms.20l3.b1         3 -1.6534790054394e-05  1.6649039551531e+02  3.5280197933885e+01  6.0448932829512e+01  5.8348859320496e+01
  2.5796148330115e+04  ms.19l3.b1         3  3.1862948716710e-05  3.4656538461774e+01  1.7535409080710e+02  6.0580794830106e+01  5.8461022423843e+01
  2.5849596846019e+04  ms.18l3.b1         3 -1.6534790054394e-05  1.8177822680812e+02  3.4395124587386e+01  6.0691565876036e+01  5.8589334914732e+01
  2.5903045361922e+04  ms.17l3.b1         3  3.1862948716710e-05  3.1286732233927e+01  1.7667220138951e+02  6.0824690732104e+01  5.8702720013236e+01
  2.5956493877826e+04  ms.16l3.b1         3 -1.6534790054394e-05  1.6652375528157e+02  3.5319901833960e+01  6.0949222874208e+01  5.8828259072392e+01
  2.6009942393729e+04  ms.15l3.b1         3  3.1862948716710e-05  3.4657964244530e+01  1.7598373904312e+02  6.1081063798671e+01  5.8940104036701e+01
  2.6063390909633e+04  ms.14l3.b1         3 -1.6534790054394e-05  1.8174660710896e+02  3.4367861615694e+01  6.1191843684484e+01  5.9068185303254e+01
  2.6116839425536e+04  ms.13l3.b1         3  3.1862948716710e-05  3.1410788146514e+01  1.7536508013358e+02  6.1324942531415e+01  5.9181882649387e+01
  2.6170287941440e+04  ms.12l3.b1         3 -1.6534790054394e-05  1.6762753162195e+02  3.2714314434815e+01  6.1447970857880e+01  5.9315173844638e+01
  2.6225007457343e+04  ms.11l3.b1         3  3.1862948716710e-05  3.0314737918943e+01  1.7433053758893e+02  6.1604618146781e+01  5.9430798464604e+01
  2.6658883199752e+04  end_marker       100  0.0000000000000e+00  1.1961034497594e+02  2.1634164784219e+02  6.2301992983083e+01  6.0312486791372e+01
